# E(meV)
     0.11400000
     0.22800000
     0.34200000
     0.45600000
     0.57000000
     0.68400000
     0.79800000
     0.91200000
     1.02600000
     1.14000000
     1.25400000
     1.36800000
     1.48200000
     1.59600000
     1.71000000
     1.82400000
     1.93800000
     2.05200000
     2.16600000
     2.28000000
     2.39400000
     2.50800000
     2.62200000
     2.73600000
     2.85000000
     2.96400000
     3.07800000
     3.19200000
     3.30600000
     3.42000000
     3.53400000
     3.64800000
     3.76200000
     3.87600000
     3.99000000
     4.10400000
     4.21800000
     4.33200000
     4.44600000
     4.56000000
     4.67400000
     4.78800000
     4.90200000
     5.01600000
     5.13000000
     5.24400000
     5.35800000
     5.47200000
     5.58600000
     5.70000000
     5.81400000
     5.92800000
     6.04200000
     6.15600000
     6.27000000
     6.38400000
     6.49800000
     6.61200000
     6.72600000
     6.84000000
     6.95400000
     7.06800000
     7.18200000
     7.29600000
     7.41000000
     7.52400000
     7.63800000
     7.75200000
     7.86600000
     7.98000000
     8.09400000
     8.20800000
     8.32200000
     8.43600000
     8.55000000
     8.66400000
     8.77800000
     8.89200000
     9.00600000
     9.12000000
     9.23400000
     9.34800000
     9.46200000
     9.57600000
     9.69000000
     9.80400000
     9.91800000
    10.03200000
    10.14600000
    10.26000000
    10.37400000
    10.48800000
    10.60200000
    10.71600000
    10.83000000
    10.94400000
    11.05800000
    11.17200000
    11.28600000
    11.40000000
    11.51400000
    11.62800000
    11.74200000
    11.85600000
    11.97000000
    12.08400000
    12.19800000
    12.31200000
    12.42600000
    12.54000000
    12.65400000
    12.76800000
    12.88200000
    12.99600000
    13.11000000
    13.22400000
    13.33800000
    13.45200000
    13.56600000
    13.68000000
    13.79400000
    13.90800000
    14.02200000
    14.13600000
    14.25000000
    14.36400000
    14.47800000
    14.59200000
    14.70600000
    14.82000000
    14.93400000
    15.04800000
    15.16200000
    15.27600000
    15.39000000
    15.50400000
    15.61800000
    15.73200000
    15.84600000
    15.96000000
    16.07400000
    16.18800000
    16.30200000
    16.41600000
    16.53000000
    16.64400000
    16.75800000
    16.87200000
    16.98600000
    17.10000000
    17.21400000
    17.32800000
    17.44200000
    17.55600000
    17.67000000
    17.78400000
    17.89800000
    18.01200000
    18.12600000
    18.24000000
    18.35400000
    18.46800000
    18.58200000
    18.69600000
    18.81000000
    18.92400000
    19.03800000
    19.15200000
    19.26600000
    19.38000000
    19.49400000
    19.60800000
    19.72200000
    19.83600000
    19.95000000
    20.06400000
    20.17800000
    20.29200000
    20.40600000
    20.52000000
    20.63400000
    20.74800000
    20.86200000
    20.97600000
    21.09000000
    21.20400000
    21.31800000
    21.43200000
    21.54600000
    21.66000000
    21.77400000
    21.88800000
    22.00200000
    22.11600000
    22.23000000
    22.34400000
    22.45800000
    22.57200000
    22.68600000
    22.80000000
    22.91400000
    23.02800000
    23.14200000
    23.25600000
    23.37000000
    23.48400000
    23.59800000
    23.71200000
    23.82600000
    23.94000000
    24.05400000
    24.16800000
    24.28200000
    24.39600000
    24.51000000
    24.62400000
    24.73800000
    24.85200000
    24.96600000
    25.08000000
    25.19400000
    25.30800000
    25.42200000
    25.53600000
    25.65000000
    25.76400000
    25.87800000
    25.99200000
    26.10600000
    26.22000000
    26.33400000
    26.44800000
    26.56200000
    26.67600000
    26.79000000
    26.90400000
    27.01800000
    27.13200000
    27.24600000
    27.36000000
    27.47400000
    27.58800000
    27.70200000
    27.81600000
    27.93000000
    28.04400000
    28.15800000
    28.27200000
    28.38600000
    28.50000000
    28.61400000
    28.72800000
    28.84200000
    28.95600000
    29.07000000
    29.18400000
    29.29800000
    29.41200000
    29.52600000
    29.64000000
    29.75400000
    29.86800000
    29.98200000
    30.09600000
    30.21000000
    30.32400000
    30.43800000
    30.55200000
    30.66600000
    30.78000000
    30.89400000
    31.00800000
    31.12200000
    31.23600000
    31.35000000
    31.46400000
    31.57800000
    31.69200000
    31.80600000
    31.92000000
    32.03400000
    32.14800000
    32.26200000
    32.37600000
    32.49000000
    32.60400000
    32.71800000
    32.83200000
    32.94600000
    33.06000000
    33.17400000
    33.28800000
    33.40200000
    33.51600000
    33.63000000
    33.74400000
    33.85800000
    33.97200000
    34.08600000
    34.20000000
    34.31400000
    34.42800000
    34.54200000
    34.65600000
    34.77000000
    34.88400000
    34.99800000
    35.11200000
    35.22600000
    35.34000000
    35.45400000
    35.56800000
    35.68200000
    35.79600000
    35.91000000
    36.02400000
    36.13800000
    36.25200000
    36.36600000
    36.48000000
    36.59400000
    36.70800000
    36.82200000
    36.93600000
    37.05000000
    37.16400000
    37.27800000
    37.39200000
    37.50600000
    37.62000000
    37.73400000
    37.84800000
    37.96200000
    38.07600000
    38.19000000
    38.30400000
    38.41800000
    38.53200000
    38.64600000
    38.76000000
    38.87400000
    38.98800000
    39.10200000
    39.21600000
    39.33000000
    39.44400000
    39.55800000
    39.67200000
    39.78600000
    39.90000000
    40.01400000
    40.12800000
    40.24200000
    40.35600000
    40.47000000
    40.58400000
    40.69800000
    40.81200000
    40.92600000
    41.04000000
    41.15400000
    41.26800000
    41.38200000
    41.49600000
    41.61000000
    41.72400000
    41.83800000
    41.95200000
    42.06600000
    42.18000000
    42.29400000
    42.40800000
    42.52200000
    42.63600000
    42.75000000
    42.86400000
    42.97800000
    43.09200000
    43.20600000
    43.32000000
    43.43400000
    43.54800000
    43.66200000
    43.77600000
    43.89000000
    44.00400000
    44.11800000
    44.23200000
    44.34600000
    44.46000000
    44.57400000
    44.68800000
    44.80200000
    44.91600000
    45.03000000
    45.14400000
    45.25800000
    45.37200000
    45.48600000
    45.60000000
    45.71400000
    45.82800000
    45.94200000
    46.05600000
    46.17000000
    46.28400000
    46.39800000
    46.51200000
    46.62600000
    46.74000000
    46.85400000
    46.96800000
    47.08200000
    47.19600000
    47.31000000
    47.42400000
    47.53800000
    47.65200000
    47.76600000
    47.88000000
    47.99400000
    48.10800000
    48.22200000
    48.33600000
    48.45000000
    48.56400000
    48.67800000
    48.79200000
    48.90600000
    49.02000000
    49.13400000
    49.24800000
    49.36200000
    49.47600000
    49.59000000
    49.70400000
    49.81800000
    49.93200000
    50.04600000
    50.16000000
    50.27400000
    50.38800000
    50.50200000
    50.61600000
    50.73000000
    50.84400000
    50.95800000
    51.07200000
    51.18600000
    51.30000000
    51.41400000
    51.52800000
    51.64200000
    51.75600000
    51.87000000
    51.98400000
    52.09800000
    52.21200000
    52.32600000
    52.44000000
    52.55400000
    52.66800000
    52.78200000
    52.89600000
    53.01000000
    53.12400000
    53.23800000
    53.35200000
    53.46600000
    53.58000000
    53.69400000
    53.80800000
    53.92200000
    54.03600000
    54.15000000
    54.26400000
    54.37800000
    54.49200000
    54.60600000
    54.72000000
    54.83400000
    54.94800000
    55.06200000
    55.17600000
    55.29000000
    55.40400000
    55.51800000
    55.63200000
    55.74600000
    55.86000000
    55.97400000
    56.08800000
    56.20200000
    56.31600000
    56.43000000
    56.54400000
    56.65800000
    56.77200000
    56.88600000
    57.00000000
    57.11400000
    57.22800000
    57.34200000
    57.45600000
    57.57000000
    57.68400000
    57.79800000
    57.91200000
    58.02600000
    58.14000000
    58.25400000
    58.36800000
    58.48200000
    58.59600000
    58.71000000
    58.82400000
    58.93800000
    59.05200000
    59.16600000
    59.28000000
    59.39400000
    59.50800000
    59.62200000
    59.73600000
    59.85000000
    59.96400000
    60.07800000
    60.19200000
    60.30600000
    60.42000000
    60.53400000
    60.64800000
    60.76200000
    60.87600000
    60.99000000
    61.10400000
    61.21800000
    61.33200000
    61.44600000
    61.56000000
    61.67400000
    61.78800000
    61.90200000
    62.01600000
    62.13000000
    62.24400000
    62.35800000
    62.47200000
    62.58600000
    62.70000000
    62.81400000
    62.92800000
    63.04200000
    63.15600000
    63.27000000
    63.38400000
    63.49800000
    63.61200000
    63.72600000
    63.84000000
    63.95400000
    64.06800000
    64.18200000
    64.29600000
    64.41000000
    64.52400000
    64.63800000
    64.75200000
    64.86600000
    64.98000000
    65.09400000
    65.20800000
    65.32200000
    65.43600000
    65.55000000
    65.66400000
    65.77800000
    65.89200000
    66.00600000
    66.12000000
    66.23400000
    66.34800000
    66.46200000
    66.57600000
    66.69000000
    66.80400000
    66.91800000
    67.03200000
    67.14600000
    67.26000000
    67.37400000
    67.48800000
    67.60200000
    67.71600000
    67.83000000
    67.94400000
    68.05800000
    68.17200000
    68.28600000
    68.40000000
    68.51400000
    68.62800000
    68.74200000
    68.85600000
    68.97000000
    69.08400000
    69.19800000
    69.31200000
    69.42600000
    69.54000000
    69.65400000
    69.76800000
    69.88200000
    69.99600000
    70.11000000
    70.22400000
    70.33800000
    70.45200000
    70.56600000
    70.68000000
    70.79400000
    70.90800000
    71.02200000
    71.13600000
    71.25000000
    71.36400000
    71.47800000
    71.59200000
    71.70600000
    71.82000000
    71.93400000
    72.04800000
    72.16200000
    72.27600000
    72.39000000
    72.50400000
    72.61800000
    72.73200000
    72.84600000
    72.96000000
    73.07400000
    73.18800000
    73.30200000
    73.41600000
    73.53000000
    73.64400000
    73.75800000
    73.87200000
    73.98600000
    74.10000000
    74.21400000
    74.32800000
    74.44200000
    74.55600000
    74.67000000
    74.78400000
    74.89800000
    75.01200000
    75.12600000
    75.24000000
    75.35400000
    75.46800000
    75.58200000
    75.69600000
    75.81000000
    75.92400000
    76.03800000
    76.15200000
    76.26600000
    76.38000000
    76.49400000
    76.60800000
    76.72200000
    76.83600000
    76.95000000
    77.06400000
    77.17800000
    77.29200000
    77.40600000
    77.52000000
    77.63400000
    77.74800000
    77.86200000
    77.97600000
    78.09000000
    78.20400000
    78.31800000
    78.43200000
    78.54600000
    78.66000000
    78.77400000
    78.88800000
    79.00200000
    79.11600000
    79.23000000
    79.34400000
    79.45800000
    79.57200000
    79.68600000
    79.80000000
    79.91400000
    80.02800000
    80.14200000
    80.25600000
    80.37000000
    80.48400000
    80.59800000
    80.71200000
    80.82600000
    80.94000000
    81.05400000
    81.16800000
    81.28200000
    81.39600000
    81.51000000
    81.62400000
    81.73800000
    81.85200000
    81.96600000
    82.08000000
    82.19400000
    82.30800000
    82.42200000
    82.53600000
    82.65000000
    82.76400000
    82.87800000
    82.99200000
    83.10600000
    83.22000000
    83.33400000
    83.44800000
    83.56200000
    83.67600000
    83.79000000
    83.90400000
    84.01800000
    84.13200000
    84.24600000
    84.36000000
    84.47400000
    84.58800000
    84.70200000
    84.81600000
    84.93000000
    85.04400000
    85.15800000
    85.27200000
    85.38600000
    85.50000000
    85.61400000
    85.72800000
    85.84200000
    85.95600000
    86.07000000
    86.18400000
    86.29800000
    86.41200000
    86.52600000
    86.64000000
    86.75400000
    86.86800000
    86.98200000
    87.09600000
    87.21000000
    87.32400000
    87.43800000
    87.55200000
    87.66600000
    87.78000000
    87.89400000
    88.00800000
    88.12200000
    88.23600000
    88.35000000
    88.46400000
    88.57800000
    88.69200000
    88.80600000
    88.92000000
    89.03400000
    89.14800000
    89.26200000
    89.37600000
    89.49000000
    89.60400000
    89.71800000
    89.83200000
    89.94600000
    90.06000000
    90.17400000
    90.28800000
    90.40200000
    90.51600000
    90.63000000
    90.74400000
    90.85800000
    90.97200000
    91.08600000
    91.20000000
    91.31400000
    91.42800000
    91.54200000
    91.65600000
    91.77000000
    91.88400000
    91.99800000
    92.11200000
    92.22600000
    92.34000000
    92.45400000
    92.56800000
    92.68200000
    92.79600000
    92.91000000
    93.02400000
    93.13800000
    93.25200000
    93.36600000
    93.48000000
    93.59400000
    93.70800000
    93.82200000
    93.93600000
    94.05000000
    94.16400000
    94.27800000
    94.39200000
    94.50600000
    94.62000000
    94.73400000
    94.84800000
    94.96200000
    95.07600000
    95.19000000
    95.30400000
    95.41800000
    95.53200000
    95.64600000
    95.76000000
    95.87400000
    95.98800000
    96.10200000
    96.21600000
    96.33000000
    96.44400000
    96.55800000
    96.67200000
    96.78600000
    96.90000000
    97.01400000
    97.12800000
    97.24200000
    97.35600000
    97.47000000
    97.58400000
    97.69800000
    97.81200000
    97.92600000
    98.04000000
    98.15400000
    98.26800000
    98.38200000
    98.49600000
    98.61000000
    98.72400000
    98.83800000
    98.95200000
    99.06600000
    99.18000000
    99.29400000
    99.40800000
    99.52200000
    99.63600000
    99.75000000
    99.86400000
    99.97800000
   100.09200000
   100.20600000
   100.32000000
   100.43400000
   100.54800000
   100.66200000
   100.77600000
   100.89000000
   101.00400000
   101.11800000
   101.23200000
   101.34600000
   101.46000000
   101.57400000
   101.68800000
   101.80200000
   101.91600000
   102.03000000
   102.14400000
   102.25800000
   102.37200000
   102.48600000
   102.60000000
   102.71400000
   102.82800000
   102.94200000
   103.05600000
   103.17000000
   103.28400000
   103.39800000
   103.51200000
   103.62600000
   103.74000000
   103.85400000
   103.96800000
   104.08200000
   104.19600000
   104.31000000
   104.42400000
   104.53800000
   104.65200000
   104.76600000
   104.88000000
   104.99400000
   105.10800000
   105.22200000
   105.33600000
   105.45000000
   105.56400000
   105.67800000
   105.79200000
   105.90600000
   106.02000000
   106.13400000
   106.24800000
   106.36200000
   106.47600000
   106.59000000
   106.70400000
   106.81800000
   106.93200000
   107.04600000
   107.16000000
   107.27400000
   107.38800000
   107.50200000
   107.61600000
   107.73000000
   107.84400000
   107.95800000
   108.07200000
   108.18600000
   108.30000000
   108.41400000
   108.52800000
   108.64200000
   108.75600000
   108.87000000
   108.98400000
   109.09800000
   109.21200000
   109.32600000
   109.44000000
   109.55400000
   109.66800000
   109.78200000
   109.89600000
   110.01000000
   110.12400000
   110.23800000
   110.35200000
   110.46600000
   110.58000000
   110.69400000
   110.80800000
   110.92200000
   111.03600000
   111.15000000
   111.26400000
   111.37800000
   111.49200000
   111.60600000
   111.72000000
   111.83400000
   111.94800000
   112.06200000
   112.17600000
   112.29000000
   112.40400000
   112.51800000
   112.63200000
   112.74600000
   112.86000000
   112.97400000
   113.08800000
   113.20200000
   113.31600000
   113.43000000
   113.54400000
   113.65800000
   113.77200000
   113.88600000
   114.00000000
   114.11400000
   114.22800000
   114.34200000
   114.45600000
   114.57000000
   114.68400000
   114.79800000
   114.91200000
   115.02600000
   115.14000000
   115.25400000
   115.36800000
   115.48200000
   115.59600000
   115.71000000
   115.82400000
   115.93800000
   116.05200000
   116.16600000
   116.28000000
   116.39400000
   116.50800000
   116.62200000
   116.73600000
   116.85000000
   116.96400000
   117.07800000
   117.19200000
   117.30600000
   117.42000000
   117.53400000
   117.64800000
   117.76200000
   117.87600000
   117.99000000
   118.10400000
   118.21800000
   118.33200000
   118.44600000
   118.56000000
   118.67400000
   118.78800000
   118.90200000
   119.01600000
   119.13000000
   119.24400000
   119.35800000
   119.47200000
   119.58600000
   119.70000000
   119.81400000
   119.92800000
   120.04200000
   120.15600000
   120.27000000
   120.38400000
   120.49800000
   120.61200000
   120.72600000
   120.84000000
   120.95400000
   121.06800000
   121.18200000
   121.29600000
   121.41000000
   121.52400000
   121.63800000
   121.75200000
   121.86600000
   121.98000000
   122.09400000
   122.20800000
   122.32200000
   122.43600000
   122.55000000
   122.66400000
   122.77800000
   122.89200000
   123.00600000
   123.12000000
   123.23400000
   123.34800000
   123.46200000
   123.57600000
   123.69000000
   123.80400000
   123.91800000
   124.03200000
   124.14600000
   124.26000000
   124.37400000
   124.48800000
   124.60200000
   124.71600000
   124.83000000
   124.94400000
   125.05800000
   125.17200000
   125.28600000
   125.40000000
   125.51400000
   125.62800000
   125.74200000
   125.85600000
   125.97000000
   126.08400000
   126.19800000
   126.31200000
   126.42600000
   126.54000000
   126.65400000
   126.76800000
   126.88200000
   126.99600000
   127.11000000
   127.22400000
   127.33800000
   127.45200000
   127.56600000
   127.68000000
   127.79400000
   127.90800000
   128.02200000
   128.13600000
   128.25000000
   128.36400000
   128.47800000
   128.59200000
   128.70600000
   128.82000000
   128.93400000
   129.04800000
   129.16200000
   129.27600000
   129.39000000
   129.50400000
   129.61800000
   129.73200000
   129.84600000
   129.96000000
   130.07400000
   130.18800000
   130.30200000
   130.41600000
   130.53000000
   130.64400000
   130.75800000
   130.87200000
   130.98600000
   131.10000000
   131.21400000
   131.32800000
   131.44200000
   131.55600000
   131.67000000
   131.78400000
   131.89800000
   132.01200000
   132.12600000
   132.24000000
   132.35400000
   132.46800000
   132.58200000
   132.69600000
   132.81000000
   132.92400000
   133.03800000
   133.15200000
   133.26600000
   133.38000000
   133.49400000
   133.60800000
   133.72200000
   133.83600000
   133.95000000
   134.06400000
   134.17800000
   134.29200000
   134.40600000
   134.52000000
   134.63400000
   134.74800000
   134.86200000
   134.97600000
   135.09000000
   135.20400000
   135.31800000
   135.43200000
   135.54600000
   135.66000000
   135.77400000
   135.88800000
   136.00200000
   136.11600000
   136.23000000
   136.34400000
   136.45800000
   136.57200000
   136.68600000
   136.80000000
   136.91400000
   137.02800000
   137.14200000
   137.25600000
   137.37000000
   137.48400000
   137.59800000
   137.71200000
   137.82600000
   137.94000000
   138.05400000
   138.16800000
   138.28200000
   138.39600000
   138.51000000
   138.62400000
   138.73800000
   138.85200000
   138.96600000
   139.08000000
   139.19400000
   139.30800000
   139.42200000
   139.53600000
   139.65000000
   139.76400000
   139.87800000
   139.99200000
   140.10600000
   140.22000000
   140.33400000
   140.44800000
   140.56200000
   140.67600000
   140.79000000
   140.90400000
   141.01800000
   141.13200000
   141.24600000
   141.36000000
   141.47400000
   141.58800000
   141.70200000
   141.81600000
   141.93000000
   142.04400000
   142.15800000
   142.27200000
   142.38600000
   142.50000000
   142.61400000
   142.72800000
   142.84200000
   142.95600000
   143.07000000
   143.18400000
   143.29800000
   143.41200000
   143.52600000
   143.64000000
   143.75400000
   143.86800000
   143.98200000
   144.09600000
   144.21000000
   144.32400000
   144.43800000
   144.55200000
   144.66600000
   144.78000000
   144.89400000
   145.00800000
   145.12200000
   145.23600000
   145.35000000
   145.46400000
   145.57800000
   145.69200000
   145.80600000
   145.92000000
   146.03400000
   146.14800000
   146.26200000
   146.37600000
   146.49000000
   146.60400000
   146.71800000
   146.83200000
   146.94600000
   147.06000000
   147.17400000
   147.28800000
   147.40200000
   147.51600000
   147.63000000
   147.74400000
   147.85800000
   147.97200000
   148.08600000
   148.20000000
   148.31400000
   148.42800000
   148.54200000
   148.65600000
   148.77000000
   148.88400000
   148.99800000
   149.11200000
   149.22600000
   149.34000000
   149.45400000
   149.56800000
   149.68200000
   149.79600000
   149.91000000
   150.02400000
   150.13800000
   150.25200000
   150.36600000
   150.48000000
   150.59400000
   150.70800000
   150.82200000
   150.93600000
   151.05000000
   151.16400000
   151.27800000
   151.39200000
   151.50600000
   151.62000000
   151.73400000
   151.84800000
   151.96200000
   152.07600000
   152.19000000
   152.30400000
   152.41800000
   152.53200000
   152.64600000
   152.76000000
   152.87400000
   152.98800000
   153.10200000
   153.21600000
   153.33000000
   153.44400000
   153.55800000
   153.67200000
   153.78600000
   153.90000000
   154.01400000
   154.12800000
   154.24200000
   154.35600000
   154.47000000
   154.58400000
   154.69800000
   154.81200000
   154.92600000
   155.04000000
   155.15400000
   155.26800000
   155.38200000
   155.49600000
   155.61000000
   155.72400000
   155.83800000
   155.95200000
   156.06600000
   156.18000000
   156.29400000
   156.40800000
   156.52200000
   156.63600000
   156.75000000
   156.86400000
   156.97800000
   157.09200000
   157.20600000
   157.32000000
   157.43400000
   157.54800000
   157.66200000
   157.77600000
   157.89000000
   158.00400000
   158.11800000
   158.23200000
   158.34600000
   158.46000000
   158.57400000
   158.68800000
   158.80200000
   158.91600000
   159.03000000
   159.14400000
   159.25800000
   159.37200000
   159.48600000
   159.60000000
   159.71400000
   159.82800000
   159.94200000
   160.05600000
   160.17000000
   160.28400000
   160.39800000
   160.51200000
   160.62600000
   160.74000000
   160.85400000
   160.96800000
   161.08200000
   161.19600000
   161.31000000
   161.42400000
   161.53800000
   161.65200000
   161.76600000
   161.88000000
   161.99400000
   162.10800000
   162.22200000
   162.33600000
   162.45000000
   162.56400000
   162.67800000
   162.79200000
   162.90600000
   163.02000000
   163.13400000
   163.24800000
   163.36200000
   163.47600000
   163.59000000
   163.70400000
   163.81800000
   163.93200000
   164.04600000
   164.16000000
   164.27400000
   164.38800000
   164.50200000
   164.61600000
   164.73000000
   164.84400000
   164.95800000
   165.07200000
   165.18600000
   165.30000000
   165.41400000
   165.52800000
   165.64200000
   165.75600000
   165.87000000
   165.98400000
   166.09800000
   166.21200000
   166.32600000
   166.44000000
   166.55400000
   166.66800000
   166.78200000
   166.89600000
   167.01000000
   167.12400000
   167.23800000
   167.35200000
   167.46600000
   167.58000000
   167.69400000
   167.80800000
   167.92200000
   168.03600000
   168.15000000
   168.26400000
   168.37800000
   168.49200000
   168.60600000
   168.72000000
   168.83400000
   168.94800000
   169.06200000
   169.17600000
   169.29000000
   169.40400000
   169.51800000
   169.63200000
   169.74600000
   169.86000000
   169.97400000
   170.08800000
   170.20200000
   170.31600000
   170.43000000
   170.54400000
   170.65800000
   170.77200000
   170.88600000
   171.00000000
   171.11400000
   171.22800000
   171.34200000
   171.45600000
   171.57000000
   171.68400000
   171.79800000
   171.91200000
   172.02600000
   172.14000000
   172.25400000
   172.36800000
   172.48200000
   172.59600000
   172.71000000
   172.82400000
   172.93800000
   173.05200000
   173.16600000
   173.28000000
   173.39400000
   173.50800000
   173.62200000
   173.73600000
   173.85000000
   173.96400000
   174.07800000
   174.19200000
   174.30600000
   174.42000000
   174.53400000
   174.64800000
   174.76200000
   174.87600000
   174.99000000
   175.10400000
   175.21800000
   175.33200000
   175.44600000
   175.56000000
   175.67400000
   175.78800000
   175.90200000
   176.01600000
   176.13000000
   176.24400000
   176.35800000
   176.47200000
   176.58600000
   176.70000000
   176.81400000
   176.92800000
   177.04200000
   177.15600000
   177.27000000
   177.38400000
   177.49800000
   177.61200000
   177.72600000
   177.84000000
   177.95400000
   178.06800000
   178.18200000
   178.29600000
   178.41000000
   178.52400000
   178.63800000
   178.75200000
   178.86600000
   178.98000000
   179.09400000
   179.20800000
   179.32200000
   179.43600000
   179.55000000
   179.66400000
   179.77800000
   179.89200000
   180.00600000
   180.12000000
   180.23400000
   180.34800000
   180.46200000
   180.57600000
   180.69000000
   180.80400000
   180.91800000
   181.03200000
   181.14600000
   181.26000000
   181.37400000
   181.48800000
   181.60200000
   181.71600000
   181.83000000
   181.94400000
   182.05800000
   182.17200000
   182.28600000
   182.40000000
   182.51400000
   182.62800000
   182.74200000
   182.85600000
   182.97000000
   183.08400000
   183.19800000
   183.31200000
   183.42600000
   183.54000000
   183.65400000
   183.76800000
   183.88200000
   183.99600000
   184.11000000
   184.22400000
   184.33800000
   184.45200000
   184.56600000
   184.68000000
   184.79400000
   184.90800000
   185.02200000
   185.13600000
   185.25000000
   185.36400000
   185.47800000
   185.59200000
   185.70600000
   185.82000000
   185.93400000
   186.04800000
   186.16200000
   186.27600000
   186.39000000
   186.50400000
   186.61800000
   186.73200000
   186.84600000
   186.96000000
   187.07400000
   187.18800000
   187.30200000
   187.41600000
   187.53000000
   187.64400000
   187.75800000
   187.87200000
   187.98600000
   188.10000000
   188.21400000
   188.32800000
   188.44200000
   188.55600000
   188.67000000
   188.78400000
   188.89800000
   189.01200000
   189.12600000
   189.24000000
   189.35400000
   189.46800000
   189.58200000
   189.69600000
   189.81000000
   189.92400000
   190.03800000
   190.15200000
   190.26600000
   190.38000000
   190.49400000
   190.60800000
   190.72200000
   190.83600000
   190.95000000
   191.06400000
   191.17800000
   191.29200000
   191.40600000
   191.52000000
   191.63400000
   191.74800000
   191.86200000
   191.97600000
   192.09000000
   192.20400000
   192.31800000
   192.43200000
   192.54600000
   192.66000000
   192.77400000
   192.88800000
   193.00200000
   193.11600000
   193.23000000
   193.34400000
   193.45800000
   193.57200000
   193.68600000
   193.80000000
   193.91400000
   194.02800000
   194.14200000
   194.25600000
   194.37000000
   194.48400000
   194.59800000
   194.71200000
   194.82600000
   194.94000000
   195.05400000
   195.16800000
   195.28200000
   195.39600000
   195.51000000
   195.62400000
   195.73800000
   195.85200000
   195.96600000
   196.08000000
   196.19400000
   196.30800000
   196.42200000
   196.53600000
   196.65000000
   196.76400000
   196.87800000
   196.99200000
   197.10600000
   197.22000000
   197.33400000
   197.44800000
   197.56200000
   197.67600000
   197.79000000
   197.90400000
   198.01800000
   198.13200000
   198.24600000
   198.36000000
   198.47400000
   198.58800000
   198.70200000
   198.81600000
   198.93000000
   199.04400000
   199.15800000
   199.27200000
   199.38600000
   199.50000000
   199.61400000
   199.72800000
   199.84200000
   199.95600000
   200.07000000
   200.18400000
   200.29800000
   200.41200000
   200.52600000
   200.64000000
   200.75400000
   200.86800000
   200.98200000
   201.09600000
   201.21000000
   201.32400000
   201.43800000
   201.55200000
   201.66600000
   201.78000000
   201.89400000
   202.00800000
   202.12200000
   202.23600000
   202.35000000
   202.46400000
   202.57800000
   202.69200000
   202.80600000
   202.92000000
   203.03400000
   203.14800000
   203.26200000
   203.37600000
   203.49000000
   203.60400000
   203.71800000
   203.83200000
   203.94600000
   204.06000000
   204.17400000
   204.28800000
   204.40200000
   204.51600000
   204.63000000
   204.74400000
   204.85800000
   204.97200000
   205.08600000
   205.20000000
   205.31400000
   205.42800000
   205.54200000
   205.65600000
   205.77000000
   205.88400000
   205.99800000
   206.11200000
   206.22600000
   206.34000000
   206.45400000
   206.56800000
   206.68200000
   206.79600000
   206.91000000
   207.02400000
   207.13800000
   207.25200000
   207.36600000
   207.48000000
   207.59400000
   207.70800000
   207.82200000
   207.93600000
   208.05000000
   208.16400000
   208.27800000
   208.39200000
   208.50600000
   208.62000000
   208.73400000
   208.84800000
   208.96200000
   209.07600000
   209.19000000
   209.30400000
   209.41800000
   209.53200000
   209.64600000
   209.76000000
   209.87400000
   209.98800000
   210.10200000
   210.21600000
   210.33000000
   210.44400000
   210.55800000
   210.67200000
   210.78600000
   210.90000000
   211.01400000
   211.12800000
   211.24200000
   211.35600000
   211.47000000
   211.58400000
   211.69800000
   211.81200000
   211.92600000
   212.04000000
   212.15400000
   212.26800000
   212.38200000
   212.49600000
   212.61000000
   212.72400000
   212.83800000
   212.95200000
   213.06600000
   213.18000000
   213.29400000
   213.40800000
   213.52200000
   213.63600000
   213.75000000
   213.86400000
   213.97800000
   214.09200000
   214.20600000
   214.32000000
   214.43400000
   214.54800000
   214.66200000
   214.77600000
   214.89000000
   215.00400000
   215.11800000
   215.23200000
   215.34600000
   215.46000000
   215.57400000
   215.68800000
   215.80200000
   215.91600000
   216.03000000
   216.14400000
   216.25800000
   216.37200000
   216.48600000
   216.60000000
   216.71400000
   216.82800000
   216.94200000
   217.05600000
   217.17000000
   217.28400000
   217.39800000
   217.51200000
   217.62600000
   217.74000000
   217.85400000
   217.96800000
   218.08200000
   218.19600000
   218.31000000
   218.42400000
   218.53800000
   218.65200000
   218.76600000
   218.88000000
   218.99400000
   219.10800000
   219.22200000
   219.33600000
   219.45000000
   219.56400000
   219.67800000
   219.79200000
   219.90600000
   220.02000000
   220.13400000
   220.24800000
   220.36200000
   220.47600000
   220.59000000
   220.70400000
   220.81800000
   220.93200000
   221.04600000
   221.16000000
   221.27400000
   221.38800000
   221.50200000
   221.61600000
   221.73000000
   221.84400000
   221.95800000
   222.07200000
   222.18600000
   222.30000000
   222.41400000
   222.52800000
   222.64200000
   222.75600000
   222.87000000
   222.98400000
   223.09800000
   223.21200000
   223.32600000
   223.44000000
   223.55400000
   223.66800000
   223.78200000
   223.89600000
   224.01000000
   224.12400000
   224.23800000
   224.35200000
   224.46600000
   224.58000000
   224.69400000
   224.80800000
   224.92200000
   225.03600000
   225.15000000
   225.26400000
   225.37800000
   225.49200000
   225.60600000
   225.72000000
   225.83400000
   225.94800000
   226.06200000
   226.17600000
   226.29000000
   226.40400000
   226.51800000
   226.63200000
   226.74600000
   226.86000000
   226.97400000
   227.08800000
   227.20200000
   227.31600000
   227.43000000
   227.54400000
   227.65800000
   227.77200000
   227.88600000
   228.00000000
   228.11400000
   228.22800000
   228.34200000
   228.45600000
   228.57000000
   228.68400000
   228.79800000
   228.91200000
   229.02600000
   229.14000000
   229.25400000
   229.36800000
   229.48200000
   229.59600000
   229.71000000
   229.82400000
   229.93800000
   230.05200000
   230.16600000
   230.28000000
   230.39400000
   230.50800000
   230.62200000
   230.73600000
   230.85000000
   230.96400000
   231.07800000
   231.19200000
   231.30600000
   231.42000000
   231.53400000
   231.64800000
   231.76200000
   231.87600000
   231.99000000
   232.10400000
   232.21800000
   232.33200000
   232.44600000
   232.56000000
   232.67400000
   232.78800000
   232.90200000
   233.01600000
   233.13000000
   233.24400000
   233.35800000
   233.47200000
   233.58600000
   233.70000000
   233.81400000
   233.92800000
   234.04200000
   234.15600000
   234.27000000
   234.38400000
   234.49800000
   234.61200000
   234.72600000
   234.84000000
   234.95400000
   235.06800000
   235.18200000
   235.29600000
   235.41000000
   235.52400000
   235.63800000
   235.75200000
   235.86600000
   235.98000000
   236.09400000
   236.20800000
   236.32200000
   236.43600000
   236.55000000
   236.66400000
   236.77800000
   236.89200000
   237.00600000
   237.12000000
   237.23400000
   237.34800000
   237.46200000
   237.57600000
   237.69000000
   237.80400000
   237.91800000
   238.03200000
   238.14600000
   238.26000000
   238.37400000
   238.48800000
   238.60200000
   238.71600000
   238.83000000
   238.94400000
   239.05800000
   239.17200000
   239.28600000
   239.40000000
   239.51400000
   239.62800000
   239.74200000
   239.85600000
   239.97000000
   240.08400000
   240.19800000
   240.31200000
   240.42600000
   240.54000000
   240.65400000
   240.76800000
   240.88200000
   240.99600000
   241.11000000
   241.22400000
   241.33800000
   241.45200000
   241.56600000
   241.68000000
   241.79400000
   241.90800000
   242.02200000
   242.13600000
   242.25000000
   242.36400000
   242.47800000
   242.59200000
   242.70600000
   242.82000000
   242.93400000
   243.04800000
   243.16200000
   243.27600000
   243.39000000
   243.50400000
   243.61800000
   243.73200000
   243.84600000
   243.96000000
   244.07400000
   244.18800000
   244.30200000
   244.41600000
   244.53000000
   244.64400000
   244.75800000
   244.87200000
   244.98600000
   245.10000000
   245.21400000
   245.32800000
   245.44200000
   245.55600000
   245.67000000
   245.78400000
   245.89800000
   246.01200000
   246.12600000
   246.24000000
   246.35400000
   246.46800000
   246.58200000
   246.69600000
   246.81000000
   246.92400000
   247.03800000
   247.15200000
   247.26600000
   247.38000000
   247.49400000
   247.60800000
   247.72200000
   247.83600000
   247.95000000
   248.06400000
   248.17800000
   248.29200000
   248.40600000
   248.52000000
   248.63400000
   248.74800000
   248.86200000
   248.97600000
   249.09000000
   249.20400000
   249.31800000
   249.43200000
   249.54600000
   249.66000000
   249.77400000
   249.88800000
   250.00200000
   250.11600000
   250.23000000
   250.34400000
   250.45800000
   250.57200000
   250.68600000
   250.80000000
   250.91400000
   251.02800000
   251.14200000
   251.25600000
   251.37000000
   251.48400000
   251.59800000
   251.71200000
   251.82600000
   251.94000000
   252.05400000
   252.16800000
   252.28200000
   252.39600000
   252.51000000
   252.62400000
   252.73800000
   252.85200000
   252.96600000
   253.08000000
   253.19400000
   253.30800000
   253.42200000
   253.53600000
   253.65000000
   253.76400000
   253.87800000
   253.99200000
   254.10600000
   254.22000000
   254.33400000
   254.44800000
   254.56200000
   254.67600000
   254.79000000
   254.90400000
   255.01800000
   255.13200000
   255.24600000
   255.36000000
   255.47400000
   255.58800000
   255.70200000
   255.81600000
   255.93000000
   256.04400000
   256.15800000
   256.27200000
   256.38600000
   256.50000000
   256.61400000
   256.72800000
   256.84200000
   256.95600000
   257.07000000
   257.18400000
   257.29800000
   257.41200000
   257.52600000
   257.64000000
   257.75400000
   257.86800000
   257.98200000
   258.09600000
   258.21000000
   258.32400000
   258.43800000
   258.55200000
   258.66600000
   258.78000000
   258.89400000
   259.00800000
   259.12200000
   259.23600000
   259.35000000
   259.46400000
   259.57800000
   259.69200000
   259.80600000
   259.92000000
   260.03400000
   260.14800000
   260.26200000
   260.37600000
   260.49000000
   260.60400000
   260.71800000
   260.83200000
   260.94600000
   261.06000000
   261.17400000
   261.28800000
   261.40200000
   261.51600000
   261.63000000
   261.74400000
   261.85800000
   261.97200000
   262.08600000
   262.20000000
   262.31400000
   262.42800000
   262.54200000
   262.65600000
   262.77000000
   262.88400000
   262.99800000
   263.11200000
   263.22600000
   263.34000000
   263.45400000
   263.56800000
   263.68200000
   263.79600000
   263.91000000
   264.02400000
   264.13800000
   264.25200000
   264.36600000
   264.48000000
   264.59400000
   264.70800000
   264.82200000
   264.93600000
   265.05000000
   265.16400000
   265.27800000
   265.39200000
   265.50600000
   265.62000000
   265.73400000
   265.84800000
   265.96200000
   266.07600000
   266.19000000
   266.30400000
   266.41800000
   266.53200000
   266.64600000
   266.76000000
   266.87400000
   266.98800000
   267.10200000
   267.21600000
   267.33000000
   267.44400000
   267.55800000
   267.67200000
   267.78600000
   267.90000000
   268.01400000
   268.12800000
   268.24200000
   268.35600000
   268.47000000
   268.58400000
   268.69800000
   268.81200000
   268.92600000
   269.04000000
   269.15400000
   269.26800000
   269.38200000
   269.49600000
   269.61000000
   269.72400000
   269.83800000
   269.95200000
   270.06600000
   270.18000000
   270.29400000
   270.40800000
   270.52200000
   270.63600000
   270.75000000
   270.86400000
   270.97800000
   271.09200000
   271.20600000
   271.32000000
   271.43400000
   271.54800000
   271.66200000
   271.77600000
   271.89000000
   272.00400000
   272.11800000
   272.23200000
   272.34600000
   272.46000000
   272.57400000
   272.68800000
   272.80200000
   272.91600000
   273.03000000
   273.14400000
   273.25800000
   273.37200000
   273.48600000
   273.60000000
   273.71400000
   273.82800000
   273.94200000
   274.05600000
   274.17000000
   274.28400000
   274.39800000
   274.51200000
   274.62600000
   274.74000000
   274.85400000
   274.96800000
   275.08200000
   275.19600000
   275.31000000
   275.42400000
   275.53800000
   275.65200000
   275.76600000
   275.88000000
   275.99400000
   276.10800000
   276.22200000
   276.33600000
   276.45000000
   276.56400000
   276.67800000
   276.79200000
   276.90600000
   277.02000000
   277.13400000
   277.24800000
   277.36200000
   277.47600000
   277.59000000
   277.70400000
   277.81800000
   277.93200000
   278.04600000
   278.16000000
   278.27400000
   278.38800000
   278.50200000
   278.61600000
   278.73000000
   278.84400000
   278.95800000
   279.07200000
   279.18600000
   279.30000000
   279.41400000
   279.52800000
   279.64200000
   279.75600000
   279.87000000
   279.98400000
   280.09800000
   280.21200000
   280.32600000
   280.44000000
   280.55400000
   280.66800000
   280.78200000
   280.89600000
   281.01000000
   281.12400000
   281.23800000
   281.35200000
   281.46600000
   281.58000000
   281.69400000
   281.80800000
   281.92200000
   282.03600000
   282.15000000
   282.26400000
   282.37800000
   282.49200000
   282.60600000
   282.72000000
   282.83400000
   282.94800000
   283.06200000
   283.17600000
   283.29000000
   283.40400000
   283.51800000
   283.63200000
   283.74600000
   283.86000000
   283.97400000
   284.08800000
   284.20200000
   284.31600000
   284.43000000
   284.54400000
   284.65800000
   284.77200000
   284.88600000
   285.00000000
