# EnergLoss(meV)		Intensity(a.u.)		Errorbar
   -302.0261328990      -0.1054992439       0.2535905078
   -297.0261328992      -0.3027714490       0.2265752266
   -292.0261328994      -0.0158484132       0.2599503242
   -287.0261328996       0.0461507167       0.2672396410
   -282.0261328998      -0.1757358640       0.2354554905
   -277.0261329000      -0.0544409495       0.2505902593
   -272.0261329002       0.2038585002       0.2753507628
   -267.0261329004       0.0273704538       0.2558034783
   -262.0261329006       0.3878179929       0.2893632876
   -257.0261329007       0.2172010238       0.2720804671
   -252.0261328992      -0.4836346557       0.1821177974
   -247.0261328993       0.5052964696       0.2958029297
   -242.0261328995      -0.0439247478       0.2394472372
   -237.0261328997      -0.2363631758       0.2128219704
   -232.0261328999       0.1360777465       0.2551650945
   -227.0261329001       0.0988137521       0.2473950145
   -222.0261329003       0.0985073814       0.2473311318
   -217.0261329005      -0.0865569115       0.2238514562
   -212.0261329007      -0.2370461922       0.2063019826
   -207.0261328991       0.0308502132       0.2332236370
   -202.0261328993       0.1630693577       0.2501440830
   -197.0261328995      -0.0178552964       0.2280812226
   -192.0261328997      -0.2132193104       0.2061055393
   -187.0261328998      -0.0176002284       0.2281356033
   -182.0261329000      -0.0013773582       0.2265037239
   -177.0261329002      -0.2121097417       0.2063670672
   -172.0261329004       0.3294142731       0.2587195490
   -167.0261329006      -0.0949687802       0.2166210322
   -162.0261328990       0.1530555334       0.2387740947
   -157.0261328992      -0.0948010430       0.2166576354
   -152.0261328994       0.0307952722       0.2236892659
   -147.0261328996      -0.3057020466       0.1896504920
   -142.0261328998      -0.0848998131       0.2090880881
   -137.0261329000       0.0767201337       0.2283519778
   -132.0261329001      -0.3223574620       0.1803814303
   -127.0261329003       0.3083078423       0.2467730011
   -122.0261329005       0.3643151622       0.2454270856
   -117.0261329007      -0.0842592002       0.2092216652
   -112.0261328991      -0.3409565494       0.1759975833
   -107.0261328993       0.3644292552       0.2454463709
   -102.0261328995      -0.1749239490       0.1945940733
    -97.0261328997      -0.4946362499       0.1531157649
    -92.0261328999      -0.0754526084       0.2024396898
    -87.0261329001      -0.4946896046       0.1531019887
    -82.0261329003       0.0591821053       0.2129615720
    -77.0261329005       0.3845365444       0.2357386827
    -72.0261329006      -0.1965943264       0.1899739333
    -67.0261328991      -0.0907455995       0.1918545448
    -62.0261328992       0.0196899531       0.2092677807
    -57.0261328994      -0.0036281529       0.1979145992
    -52.0261328996       0.1489779400       0.2186071874
    -47.0261328998       0.0801009818       0.2032795377
    -42.0261329000      -0.3854651934       0.1610924853
    -37.0261329002      -0.3445451428       0.1621590049
    -32.0261329004      -0.1472083533       0.1844359884
    -27.0261329006      -0.0478431556       0.1898420811
    -22.0261329008       0.0336760673       0.2013962969
    -17.0261328992       0.5761032306       0.2401422465
    -12.0261328994       0.1058295009       0.2077582980
     -7.0261328996       0.4724933413       0.2325725953
     -2.0261328997       0.3947843251       0.2315175104
      2.9738671001       0.2713992682       0.2148847242
      7.9738670999       0.0449761160       0.2002220887
     12.9738670997       0.5752612234       0.2451830396
     17.9738670995       0.8878597483       0.2616627984
     22.9738670993       0.3530140424       0.2306910427
     27.9738671009       0.1346431407       0.2037156997
     32.9738671007       0.6111128925       0.2504690798
     37.9738671005       0.2284993095       0.2135077829
     42.9738671003       0.3524398855       0.2305991040
     47.9738671001       0.0999472271       0.2007407486
     52.9738671000      -0.2949039534       0.1729916005
     57.9738670998       0.6769829422       0.2447107064
     62.9738670996       0.0823676437       0.2101415622
     67.9738670994      -0.0019416999       0.1919281122
     72.9738671010      -0.1443849660       0.1886532183
     77.9738671008       0.6429306872       0.2423299151
     82.9738671006       0.3516305773       0.2304695110
     87.9738671004       1.0248740103       0.2704811184
     92.9738671002       1.3325370975       0.2956730421
     97.9738671000       2.3059216080       0.3463550598
    102.9738670998       3.4629329090       0.4053982408
    107.9738670996       4.8873239795       0.4596134644
    112.9738670995       5.3392581951       0.4817172147
    117.9738670993       6.8450999982       0.5242109450
    122.9738671009       7.3617212247       0.5523527454
    127.9738671007       6.5144244861       0.5184572489
    132.9738671005       5.6299221176       0.4822936467
    137.9738671003       4.4094034991       0.4503362561
    142.9738671001       3.2880063937       0.3852551569
    147.9738670999       3.9642245142       0.4316108580
    152.9738670997       2.6144720999       0.3578977543
    157.9738670995       2.3409446400       0.3555288119
    162.9738670993       2.4370768066       0.3456280030
    167.9738671009       1.8887209569       0.3348680142
    172.9738671007       1.2508537495       0.2815228961
    177.9738671005       1.1348672496       0.2893472380
    182.9738671004       1.2162148263       0.2793847760
    187.9738671002       1.2999938814       0.3032312104
    192.9738671000       0.9789974771       0.2646072303
    197.9738670998       1.3379745452       0.3056001009
    202.9738670996       2.1934842353       0.3402378802
    207.9738670994       1.1838441305       0.2957234848
    212.9738671010       0.6422527849       0.2496901122
    217.9738671008       0.6821887338       0.2581576661
    222.9738671006       0.8639628372       0.2680747852
    227.9738671004       0.6841267789       0.2612343900
    232.9738671002       0.9744858409       0.2755646342
    237.9738671001       0.9611787024       0.2841215674
    242.9738670999       0.7903621873       0.2629744544
    247.9738670997       0.9211925023       0.2812943628
    252.9738670995       0.4092306820       0.2428262830
    257.9738670993       1.1571165960       0.2973267391
    262.9738671009       0.2337416758       0.2335914405
    267.9738671007       0.9516646407       0.2801215543
    272.9738671005       0.4316269089       0.2568048474
    277.9738671003       0.3684206179       0.2393767089
    282.9738671001       0.5161560243       0.2673011803
    287.9738670999       0.8060916060       0.2762307575
    292.9738670997       0.7419138145       0.2892796061
    297.9738670996      -0.1571262396       0.1983885577
    302.9738670994       0.6983479979       0.2897273049
    307.9738671010       0.6458979746       0.2707348737
    312.9738671008       0.5047561065       0.2815004760
    317.9738671006       0.3924955043       0.2501904328
    322.9738671004      -0.2417533651       0.2051603255
    327.9738671002       0.2476412983       0.2437899147
    332.9738671000       0.1565351096       0.2488372334
    337.9738670998       0.6037161223       0.2780590515
    342.9738670996       0.3555719284       0.2679997804
    347.9738670994       0.3222676172       0.2574147541
    352.9738670993       0.2563748818       0.2586579126
    357.9738671008       0.2657353378       0.2557659878
    362.9738671007       0.0074497355       0.2334762735
    367.9738671005       0.6039281406       0.2859290713
    372.9738671003       0.4551162183       0.2770891825
    377.9738671001       0.6554526732       0.2989398235
    382.9738670999       0.5049102481       0.2815277246
    387.9738670997       0.2337436336       0.2642789382
    392.9738670995       0.7037864090       0.2985729111
    397.9738670993       0.7162971991       0.3188960113
    402.9738671009       0.4544275931       0.2769655018
    407.9738671007       1.0116035674       0.3498757708
    412.9738671005       0.8153916648       0.3171737870
    417.9738671003       0.9418148713       0.3382443214
    422.9738671002      -0.0168027770       0.2456694441
    427.9738671000       0.7197289885       0.3246150390
    432.9738670998       0.6029787846       0.3086653669
    437.9738670996       0.7285640106       0.3372626712
    442.9738670994       1.4487409544       0.3781029970
    447.9738671010       1.9684310402       0.4457753892
    452.9738671008       1.2453650636       0.3688822380
    457.9738671006       1.3187415702       0.3956085110
    462.9738671004       1.2922033996       0.3860633721
    467.9738671002       0.4086037843       0.3119907016
    472.9738671000       1.7102979810       0.4266832282
    477.9738670999       1.6192094197       0.4279922208
    482.9738670997       1.3484173719       0.4060114049
    487.9738670995       1.0967283189       0.3923261176
    492.9738670993       1.3787213641       0.4168930291
    497.9738671009       1.4853902334       0.4349233589
