# EnergLoss(meV)		Intensity(a.u.)		Errorbar
   -353.8381440042       0.6200526212       0.3378183567
   -348.1381440045       0.2371311139       0.2994713656
   -342.4381440047      -0.1214304208       0.2537125587
   -336.7381440049      -0.3069043016       0.2300076432
   -331.0381440051       0.0767353947       0.2715174994
   -325.3381440053       0.0779343800       0.2717791395
   -319.6381440055      -0.0413959822       0.2583492142
   -313.9381440058       0.0343811869       0.2622750536
   -308.2381440060       0.0919248233       0.2685132804
   -302.5381440062       0.3269107003       0.2876021867
   -296.8381440044      -0.0609587989       0.2474332872
   -291.1381440046      -0.3107368409       0.2141943145
   -285.4381440048       0.5454684027       0.3028153857
   -279.7381440050      -0.0264492281       0.2432758479
   -274.0381440052      -0.0779583212       0.2377605631
   -268.3381440055       0.2904777375       0.2707422871
   -262.6381440057      -0.2621798696       0.2133893243
   -256.9381440059       0.1998854548       0.2584142259
   -251.2381440061      -0.0937860762       0.2289195836
   -245.5381440043       0.1126362874       0.2463650567
   -239.8381440045       0.3468945714       0.2719958266
   -234.1381440047      -0.1534819217       0.2161923866
   -228.4381440049       0.1235528979       0.2439887285
   -222.7381440052      -0.1986092991       0.2114323613
   -217.0381440054       0.1336251607       0.2416154948
   -211.3381440056       0.1792715278       0.2458882893
   -205.6381440058      -0.0753915526       0.2184245093
   -199.9381440060       0.0998669394       0.2353467505
   -194.2381440042      -0.1035964819       0.2127835234
   -188.5381440044      -0.0174333292       0.2213331473
   -182.8381440046       0.1594090896       0.2345690962
   -177.1381440049       0.0362159700       0.2235270622
   -171.4381440051      -0.1149287144       0.2064289775
   -165.7381440053      -0.1555638571       0.2023900484
   -160.0381440055       0.0966119167       0.2234680195
   -154.3381440057      -0.2186456167       0.1936869679
   -148.6381440059      -0.1256528872       0.2005062837
   -142.9381440062       0.1830988478       0.2282952557
   -137.2381440043       0.0293346216       0.2149603759
   -131.5381440046      -0.2245778831       0.1885872432
   -125.8381440048       0.2280504499       0.2294293986
   -120.1381440050      -0.2624055304       0.1847545129
   -114.4381440052      -0.0979321107       0.1986163890
   -108.7381440054       0.1305701883       0.2163473812
   -103.0381440056      -0.0488909724       0.2009106445
    -97.3381440059      -0.0741922358       0.1963664034
    -91.6381440061       0.0680954626       0.2088561356
    -85.9381440043       0.1109484510       0.2101779485
    -80.2381440045       0.0762424161       0.2072927525
    -74.5381440047       0.2197664468       0.2166568216
    -68.8381440049      -0.1856766029       0.1823226459
    -63.1381440051       0.3245378399       0.2224219707
    -57.4381440053       0.1588844690       0.2097220280
    -51.7381440056      -0.0729051211       0.1905469650
    -46.0381440058      -0.0619611013       0.1896007749
    -40.3381440060      -0.0945458878       0.1867797911
    -34.6381440062      -0.0198090499       0.1912841748
    -28.9381440044       0.1404636080       0.2042717990
    -23.2381440046       0.2084853927       0.2074397284
    -17.5381440048       0.2965356710       0.2182476539
    -11.8381440050       0.5209546600       0.2297714948
     -6.1381440053       0.0767103865       0.1992353698
     -0.4381440055       0.2983665413       0.2161323091
      5.2618559943       0.4908116146       0.2299683997
     10.9618559941       0.1074241717       0.2015854406
     16.6618559939       0.0838200579       0.1978533025
     22.3618559957       0.2024871806       0.2089232365
     28.0618559955       0.4910443433       0.2300006733
     33.7618559953       0.4251409328       0.2252354346
     39.4618559950       0.4570933911       0.2274905513
     45.1618559948       0.2984602539       0.2161461263
     50.8618559946      -0.1165238750       0.1829539146
     56.5618559944       0.2345458330       0.2113684876
     62.2618559942       0.7428975298       0.2466330808
     67.9618559940       0.7444442958       0.2468327674
     73.6618559958       1.4419759673       0.2881699703
     79.3618559956       2.1144782527       0.3233843155
     85.0618559953       4.1769285492       0.4123327021
     90.7618559951       4.4387612599       0.4225889054
     96.4618559949       5.8645814032       0.4730299329
    102.1618559947       7.5261055485       0.5261617969
    107.8618559945       8.3479071847       0.5502910212
    113.5618559943       6.3791053817       0.4902056125
    119.2618559940       5.0051148607       0.4431689322
    124.9618559938       3.4463952404       0.3831643151
    130.6618559956       3.0985377808       0.3685307521
    136.3618559954       2.0139319116       0.3181446010
    142.0618559952       1.5697911704       0.2951712183
    147.7618559950       1.7270844085       0.3034363724
    153.4618559948       1.3782661907       0.2846268892
    159.1618559946       1.2486623806       0.2771544501
    164.8618559943       1.1127682063       0.2668868569
    170.5618559941       0.7070592768       0.2440486663
    176.2618559939       0.7734827780       0.2485191841
    181.9618559957       0.8341159269       0.2521816793
    187.6618559955       0.6158580633       0.2404698533
    193.3618559953       0.4529614935       0.2269119699
    199.0618559951       0.5496241363       0.2336729163
    204.7618559949       0.8985233227       0.2562604032
    210.4618559946       1.1538720879       0.2716977024
    216.1618559944       0.7028474045       0.2414626318
    221.8618559942       1.1517670383       0.2714513250
    227.5618559940       0.7397696588       0.2462292743
    233.2618559958       0.9707682305       0.2632043601
    238.9618559956       1.2808453889       0.2790164586
    244.6618559954       0.7396628367       0.2462154837
    250.3618559952       0.7089886140       0.2442998446
    256.0618559949       1.1513602166       0.2714037101
    261.7618559947       0.7788297428       0.2512719095
    267.4618559945       1.0352817673       0.2671282361
    273.1618559943       0.9496262161       0.2646425394
    278.8618559941       0.7159194705       0.2494668705
    284.5618559939       0.3482811072       0.2285147254
    290.2618559957       0.6530241209       0.2477438720
    295.9618559955       1.0714415805       0.2777082735
    301.6618559952       0.4163689681       0.2335308177
    307.3618559950       0.8731972480       0.2679585275
    313.0618559948       0.2392700614       0.2224321061
    318.7618559946       1.0122243184       0.2768270558
    324.4618559944       0.6658109185       0.2567168510
    330.1618559942       0.9766933422       0.2745376307
    335.8618559939       0.4493830050       0.2437564099
    341.5618559958       0.5954138188       0.2544567270
    347.2618559955       0.3355375092       0.2376533261
    352.9618559953       0.5589334410       0.2545508025
    358.6618559951       0.3324507096       0.2401865956
    364.3618559949       0.5988600357       0.2604376577
    370.0618559947       0.2100903508       0.2328576524
    375.7618559945       0.5626361041       0.2608299570
    381.4618559942       0.1306274816       0.2259774434
    387.1618559940      -0.0402609010       0.2130308305
    392.8618559938       0.7330952695       0.2802295632
    398.5618559956      -0.0115789416       0.2184512113
    404.2618559954       0.9929645615       0.3025275240
    409.9618559952       0.6526524319       0.2775727937
    415.6618559950       0.6530024451       0.2776261702
    421.3618559948       0.3099096495       0.2533760825
    427.0618559945       0.2289493109       0.2430930770
    432.7618559943       0.4389721070       0.2677477010
    438.4618559941      -0.0072494158       0.2275466254
    444.1618559939       0.7124119952       0.2935951302
    449.8618559957       0.9875571230       0.3143494455
    455.5618559955       0.2009314715       0.2541139630
    461.2618559953       0.7646610855       0.3017550672
    466.9618559951       0.2889371353       0.2659103983
    472.6618559948       0.8228919497       0.3108492003
    478.3618559946       0.3332503905       0.2740008548
    484.0618559944       0.7311435501       0.3080029421
    489.7618559942       0.6383316818       0.3052436490
    495.4618559940       0.4305087241       0.2870133718
    501.1618559958       0.6966133776       0.3150950536
    506.8618559956       1.5996031821       0.3837301247
    512.5618559954       0.6958868954       0.3149722557
    518.2618559951       0.8684357124       0.3347080872
    523.9618559949       1.0321246764       0.3477934280
    529.6618559947       0.9961931287       0.3509996614
    535.3618559945       1.2792316268       0.3731252251
    541.0618559943       1.0135546955       0.3585655011
    546.7618559941       0.6590771095       0.3280654657
    552.4618559938       0.7892515314       0.3459105616
    558.1618559957       1.4595387290       0.4006218005
