# EnergLoss(meV)		Intensity(a.u.)		Errorbar
   -326.5484781447      -0.0153130798       0.0698292034
   -320.8484781449       0.1477680083       0.0931421745
   -315.1484781451      -0.0454741726       0.0634014982
   -309.4484781453      -0.0005987999       0.0708988628
   -303.7484781455       0.0128979927       0.0716688494
   -298.0484781457       0.1428975159       0.0891799142
   -292.3484781459      -0.1167968353       0.0483007921
   -286.6484781462       0.0256630176       0.0723026445
   -280.9484781464       0.0046111750       0.0691702799
   -275.2484781466       0.0172137853       0.0698635612
   -269.5484781448       0.0371878503       0.0726625473
   -263.8484781450       0.0679253033       0.0755815265
   -258.1484781452      -0.0296929768       0.0616984763
   -252.4484781454       0.0965366420       0.0779357506
   -246.7484781456      -0.0357430583       0.0597852725
   -241.0484781459       0.0867113930       0.0755527777
   -235.3484781461       0.0868116046       0.0755770826
   -229.6484781463       0.0952890718       0.0754458804
   -223.9484781465       0.1131867903       0.0775396458
   -218.2484781447      -0.0175584796       0.0598256729
   -212.5484781449       0.0598433545       0.0711610111
   -206.8484781451      -0.0905051334       0.0474806493
   -201.1484781453       0.0607740625       0.0692620511
   -195.4484781456      -0.0401377092       0.0556779836
   -189.7484781458       0.0039582127       0.0611383884
   -184.0484781460      -0.0451489477       0.0541670383
   -178.3484781462      -0.0020608273       0.0595297323
   -172.6484781464       0.0456103489       0.0655843103
   -166.9484781446      -0.0697838921       0.0490206157
   -161.2484781448       0.0542818158       0.0657803774
   -155.5484781450      -0.0283441315       0.0544872457
   -149.8484781453      -0.0282634701       0.0545096172
   -144.1484781455      -0.0183780743       0.0551687646
   -138.4484781457      -0.0035543770       0.0571255524
   -132.7484781459       0.0198864119       0.0593453392
   -127.0484781461       0.1496549596       0.0734367948
   -121.3484781463      -0.0280429815       0.0525857095
   -115.6484781466      -0.0138300359       0.0544723886
   -109.9484781448       0.1125688957       0.0688652783
   -104.2484781450      -0.0461754677       0.0495417229
    -98.5484781452      -0.0325096593       0.0513919396
    -92.8484781454      -0.0049255191       0.0549687927
    -87.1484781456       0.0438295131       0.0600675395
    -81.4484781458       0.0905919783       0.0643792588
    -75.7484781460       0.0511984559       0.0602279513
    -70.0484781463       0.0452192646       0.0589231848
    -64.3484781465      -0.0061522521       0.0530300355
    -58.6484781447      -0.0485361283       0.0471086856
    -52.9484781449       0.0396493648       0.0577077330
    -47.2484781451      -0.0151630870       0.0508445871
    -41.5484781453       0.0342982479       0.0565400236
    -35.8484781455       0.1738961369       0.0694042090
    -30.1484781457       0.0169990702       0.0540680701
    -24.4484781460       0.1860939743       0.0704678535
    -18.7484781462       0.1307066978       0.0649064719
    -13.0484781464       0.2490460276       0.0749217445
     -7.3484781466       0.3447745932       0.0813678976
     -1.6484781448       0.1586760103       0.0667547251
      4.0515218550       0.3567153905       0.0814285386
      9.7515218548       0.2611222413       0.0758884122
     15.4515218546       0.4933653848       0.0904804207
     21.1515218543       0.6931148628       0.1032735682
     26.8515218541       0.4607421391       0.0892500743
     32.5515218539       0.4373363707       0.0877021962
     38.2515218537       0.6462528019       0.1005805936
     43.9515218535       0.6074833005       0.0974114730
     49.6515218553       0.4836904957       0.0907130009
     55.3515218551       0.7857884724       0.1083465309
     61.0515218548       0.9481351057       0.1167114738
     66.7515218546       1.3319889635       0.1344861427
     72.4515218544       1.6797359885       0.1487193289
     78.1515218542       2.7489794672       0.1858612598
     83.8515218540       4.5835254913       0.2363163393
     89.5515218538       6.6181041983       0.2819569839
     95.2515218536      10.3778753930       0.3508973633
    100.9515218554      12.4844385204       0.3842473606
    106.6515218551      12.8294843699       0.3893766787
    112.3515218549      12.6666481543       0.3869369822
    118.0515218547       9.7638155397       0.3406089864
    123.7515218545       6.5692128110       0.2808978871
    129.4515218543       4.8607042973       0.2429948276
    135.1515218541       3.2583335792       0.2010988508
    140.8515218539       2.4114905134       0.1749767928
    146.5515218536       1.8295002165       0.1544107117
    152.2515218534       1.7955004571       0.1531586347
    157.9515218552       1.5165480920       0.1421805327
    163.6515218550       1.1913322165       0.1282106492
    169.3515218548       1.2030779936       0.1287474851
    175.0515218546       1.5399773407       0.1431424001
    180.7515218544       1.3073260936       0.1333545195
    186.4515218542       0.9942203289       0.1189642701
    192.1515218539       1.0848187679       0.1221226441
    197.8515218537       1.0405193759       0.1211956818
    203.5515218535       0.9476116990       0.1166593929
    209.2515218553       0.9362220402       0.1161022730
    214.9515218551       1.0773149189       0.1241518520
    220.6515218549       1.0983068943       0.1239203791
    226.3515218547       0.9473900436       0.1166373374
    232.0515218545       1.1561859831       0.1265948408
    237.7515218542       0.9590156219       0.1172152812
    243.4515218540       0.8455781295       0.1104011456
    249.1515218538       0.7731928325       0.1076164092
    254.8515218536       0.7150813018       0.1044313324
    260.5515218554       0.8517189151       0.1128499178
    266.2515218552       0.6570643451       0.1011568571
    271.9515218550       0.7498387736       0.1063418837
    277.6515218548       0.5758250513       0.0963840129
    283.3515218545       0.5178106234       0.0928264142
    289.0515218543       0.4139308555       0.0869203538
    294.7515218541       0.5558972214       0.0960972699
    300.4515218539       0.5472763152       0.0965096256
    306.1515218537       0.4870457009       0.0926745064
    311.8515218535       0.5920763620       0.1013211283
    317.5515218553       0.5013834728       0.0945411253
    323.2515218550       0.6548812633       0.1051421038
    328.9515218548       0.4788747830       0.0940325904
    334.6515218546       0.5066125972       0.0968780565
    340.3515218544       0.5581394902       0.1002452178
    346.0515218542       0.4811531010       0.0951907898
    351.7515218540       0.4701925369       0.0954646616
    357.4515218538       0.4940250138       0.0960571251
    363.1515218535       0.4321284634       0.0938470219
    368.8515218553       0.3383270870       0.0868925024
    374.5515218551       0.5019402276       0.0998255423
    380.2515218549       0.5294618603       0.1017047415
    385.9515218547       0.5748355065       0.1059144016
    391.6515218545       0.5469267417       0.1040597056
    397.3515218543       0.3928133109       0.0941852521
    403.0515218541       0.5796485118       0.1074990463
    408.7515218538       0.4791169335       0.1005596605
    414.4515218536       0.5110654771       0.1040671913
    420.1515218534       0.4688649306       0.1022754160
    425.8515218552       0.6499884218       0.1148654378
    431.5515218550       0.5023680002       0.1060684548
    437.2515218548       0.3786697666       0.0966326101
    442.9515218546       0.4248889271       0.1002492843
    448.6515218544       0.3625990398       0.0965679207
    454.3515218541       0.3476718238       0.0941139015
    460.0515218539       0.4926223994       0.1081556001
    465.7515218537       0.4926240605       0.1081558506
    471.4515218535       0.5796873882       0.1161178521
    477.1515218553       0.5629473145       0.1149048560
    482.8515218551       0.3783707303       0.1019545784
    488.5515218549       0.3095216430       0.0959671240
    494.2515218547       0.2363669056       0.0904424065
    499.9515218544       0.4847492096       0.1121896898
    505.6515218542       0.2868901482       0.0967004790
    511.3515218540       0.5063805601       0.1156099066
    517.0515218538       0.6607407769       0.1291694985
    522.7515218536       0.5477306288       0.1206491222
    528.4515218554       0.5922684287       0.1260765022
    534.1515218552       0.8839277573       0.1468546704
    539.8515218549       0.7478561748       0.1375544530
    545.5515218547       0.6596937270       0.1333425504
    551.2515218545       0.8005122150       0.1435725241
    556.9515218543       0.8149716415       0.1470460133
    562.6515218541       0.8568082883       0.1499921781
    568.3515218539       0.8738191614       0.1538375498
    574.0515218537       0.8956371565       0.1553767733
    579.7515218534       0.9146382638       0.1595533674
    585.4515218552       0.7361008306       0.1465361081
