# EnergLoss(meV)		Intensity(a.u.)		Errorbar
   -340.7850496796       0.0901249188       0.0924904439
   -335.0850496798      -0.0383037123       0.0724962666
   -329.3850496800       0.0036866229       0.0781211420
   -323.6850496802       0.0777495368       0.0890581305
   -317.9850496805       0.0900956198       0.0891181914
   -312.2850496807      -0.0053507278       0.0752632808
   -306.5850496809       0.0187281223       0.0790207690
   -300.8850496811      -0.0364072533       0.0689822887
   -295.1850496813      -0.0822770345       0.0608814154
   -289.4850496815       0.0234275896       0.0770132457
   -283.7850496797       0.0234471101       0.0770188808
   -278.0850496799      -0.0066112364       0.0713806649
   -272.3850496802       0.0150230333       0.0745870593
   -266.6850496804      -0.0557618004       0.0625307730
   -260.9850496806      -0.1182621088       0.0510685994
   -255.2850496808       0.0599829955       0.0783213062
   -249.5850496810      -0.0614121213       0.0606473326
   -243.8850496812       0.0118176732       0.0707719217
   -238.1850496815      -0.0077904058       0.0680013867
   -232.4850496796      -0.0527434847       0.0602763751
   -226.7850496799      -0.0668297568       0.0588414541
   -221.0850496801      -0.0394692298       0.0614736071
   -215.3850496803      -0.0024462420       0.0668158234
   -209.6850496805      -0.0765069239       0.0556157318
   -203.9850496807      -0.0449608164       0.0598178315
   -198.2850496809      -0.0811298851       0.0540747447
   -192.5850496812      -0.0501648082       0.0582487689
   -186.8850496814       0.0200319695       0.0680059957
   -181.1850496796      -0.0038801955       0.0640020982
   -175.4850496798       0.0815526821       0.0745387323
   -169.7850496800      -0.0098022904       0.0624193518
   -164.0850496802      -0.0266468850       0.0601037727
   -158.3850496804       0.0332819832       0.0670941100
   -152.6850496806      -0.0155437299       0.0608848876
   -146.9850496809       0.0424730092       0.0673701003
   -141.2850496811       0.0106196496       0.0634934422
   -135.5850496813       0.0824915091       0.0711053456
   -129.8850496815       0.0822585551       0.0710545108
   -124.1850496797       0.0048585941       0.0620531783
   -118.4850496799       0.0598128110       0.0677901865
   -112.7850496801       0.0901258442       0.0710981671
   -107.0850496803       0.2418327026       0.0857697230
   -101.3850496806       0.0827962561       0.0695354937
    -95.6850496808       0.1481944868       0.0753535644
    -89.9850496810       0.3799609731       0.0950546604
    -84.2850496812       0.2535441283       0.0839911336
    -78.5850496814       0.4091513258       0.0962066792
    -72.8850496796       0.4793925360       0.1002269279
    -67.1850496798       0.5209141014       0.1030539059
    -61.4850496800       0.4372201461       0.0962477356
    -55.7850496803       0.7497810043       0.1162376742
    -50.0850496805       1.1711787380       0.1373915766
    -44.3850496807       1.1969199553       0.1385904374
    -38.6850496809       1.3042310289       0.1436896737
    -32.9850496811       1.5743836431       0.1541785047
    -27.2850496813       1.7967858971       0.1633419272
    -21.5850496816       2.1174702786       0.1740422837
    -15.8850496797       2.0395735729       0.1711126649
    -10.1850496800       2.0858833151       0.1712489420
     -4.4850496802       2.3719871378       0.1849325538
      1.2149503196       2.6405156441       0.1905714781
      6.9149503194       2.8977697020       0.2006790397
     12.6149503192       2.8234054382       0.1983721850
     18.3149503190       3.0908076251       0.2067759335
     24.0149503187       3.4772411822       0.2184808790
     29.7149503185       3.1403460311       0.2063078393
     35.4149503203       2.9891966614       0.2036315587
     41.1149503201       3.2681961128       0.2121405077
     46.8149503199       3.2839881707       0.2127067433
     52.5149503197       3.1786875046       0.2094255463
     58.2149503195       3.5268127148       0.2198805950
     63.9149503193       3.4356006495       0.2171618336
     69.6149503190       3.2563659032       0.2118126914
     75.3149503188       3.3339448493       0.2141672872
     81.0149503186       3.6544097900       0.2235520919
     86.7149503204       3.2318250865       0.2111021029
     92.4149503202       3.4347144575       0.2171095234
     98.1149503200       3.3618698991       0.2150696339
    103.8149503198       3.1528253660       0.2086256474
    109.5149503196       3.0652955759       0.2059875326
    115.2149503193       2.6921738918       0.1939851512
    120.9149503191       2.8339618284       0.1986398903
    126.6149503189       2.5241857541       0.1883072370
    132.3149503187       2.3603085955       0.1827412978
    138.0149503185       2.2938331007       0.1803100443
    143.7149503203       2.1546704625       0.1753609249
    149.4149503201       1.7819135821       0.1611216472
    155.1149503199       1.5898125369       0.1532970969
    160.8149503196       1.7697656258       0.1606644465
    166.5149503194       1.9879933166       0.1691580126
    172.2149503192       1.7565049676       0.1601168717
    177.9149503190       1.6821159434       0.1556650284
    183.6149503188       1.4495101782       0.1473449244
    189.3149503186       1.3206151065       0.1415951206
    195.0149503204       1.2446367045       0.1381564796
    200.7149503202       1.3911530308       0.1461947639
    206.4149503199       1.2182413820       0.1368909609
    212.1149503197       1.3077207244       0.1410068040
    217.8149503195       0.9877544556       0.1256494928
    223.5149503193       0.9100034250       0.1215745599
    229.2149503191       0.8889322568       0.1193534637
    234.9149503189       0.9866693704       0.1255387467
    240.6149503186       1.1412719164       0.1332357024
    246.3149503205       0.8147913671       0.1175717207
    252.0149503202       1.0386468361       0.1282000955
    257.7149503200       1.1152123911       0.1319556445
    263.4149503198       0.9616234946       0.1242839512
    269.1149503196       1.0251104324       0.1274854842
    274.8149503194       0.7368193500       0.1131806833
    280.5149503192       0.7630754495       0.1146932938
    286.2149503189       0.8626285488       0.1213973691
    291.9149503187       0.8363544746       0.1199676215
    297.6149503185       0.8813287202       0.1249647599
    303.3149503203       0.8449471347       0.1216757792
    309.0149503201       0.6449280483       0.1110352709
    314.7149503199       0.9370083487       0.1280282853
    320.4149503197       0.6356554581       0.1116343280
    326.1149503195       0.6498207995       0.1125294625
    331.8149503192       0.6633104833       0.1133330753
    337.5149503190       0.8430229384       0.1254440173
    343.2149503188       0.7061074850       0.1159951966
    348.9149503186       0.2600883761       0.0863396757
    354.6149503204       0.4523279980       0.1014756661
    360.3149503202       0.7261458951       0.1211875018
    366.0149503200       0.5738471070       0.1112070012
    371.7149503198       0.4848428125       0.1062184393
    377.4149503195       0.5778129016       0.1127959651
    383.1149503193       0.4542602868       0.1051693288
    388.8149503191       0.6922282145       0.1218024452
    394.5149503189       0.6447529253       0.1186782958
    400.2149503187       0.5039629637       0.1101858926
    405.9149503185       0.6053234996       0.1188386367
    411.6149503203       0.5729172544       0.1166101962
    417.3149503201       0.6440837708       0.1230654929
    423.0149503198       0.7472650249       0.1300746661
    428.7149503196       0.7463492796       0.1299544229
    434.4149503194       0.2299709953       0.0910914608
    440.1149503192       0.5928947645       0.1194641263
    445.8149503190       0.5669415188       0.1207917419
    451.5149503188       0.8001020523       0.1370125077
    457.2149503185       0.4417161771       0.1126248630
    462.9149503204       0.4407191176       0.1124609474
    468.6149503201       0.7279290742       0.1360068512
    474.3149503199       0.4604466484       0.1157041335
    480.0149503197       0.4424126274       0.1159157367
    485.7149503195       0.7558675850       0.1399190252
    491.4149503193       0.3217221759       0.1067893820
    497.1149503191       0.7253466542       0.1398199131
    502.8149503188       0.6511840905       0.1364157981
    508.5149503186       0.4644382985       0.1213853982
    514.2149503204       0.6157229253       0.1358320073
    519.9149503202       0.7235926533       0.1441439143
    525.6149503200       0.6154562532       0.1357898428
    531.3149503198       0.9555831694       0.1631546995
    537.0149503196       1.1318296342       0.1746485113
    542.7149503194       1.0197467341       0.1703164843
    548.4149503191       0.9499075231       0.1654756168
    554.1149503189       0.8993112191       0.1649295352
    559.8149503187       0.7070563607       0.1502730914
    565.5149503185       0.8428982705       0.1637587093
    571.2149503203       0.8900829647       0.1671161808
