# EnergLoss(meV)		Intensity(a.u.)		Errorbar
   -347.9586755027      -0.1604074694       0.2525454741
   -342.2586755030      -0.0938427465       0.2611672846
   -336.5586755032      -0.5729342233       0.1885258872
   -330.8586755034       0.4956588772       0.3204872540
   -325.1586755036       0.3764017430       0.3029827256
   -319.4586755038      -0.1689009460       0.2424027347
   -313.7586755040       0.0133450541       0.2642541049
   -308.0586755043      -0.0274932936       0.2548851454
   -302.3586755045       0.4396314611       0.3037138285
   -296.6586755047      -0.0079327027       0.2528051905
   -290.9586755029       0.2170863972       0.2767103406
   -285.2586755031       0.2281463341       0.2733316438
   -279.5586755033      -0.3183623639       0.2117616957
   -273.8586755035       0.1850999958       0.2647223761
   -268.1586755037      -0.1320265169       0.2309035793
   -262.4586755040       0.2466720645       0.2665787753
   -256.7586755042       0.1451036968       0.2567231163
   -251.0586755044      -0.1921602596       0.2171079526
   -245.3586755046      -0.0424908795       0.2336724635
   -239.6586755028       0.4097216871       0.2736916144
   -233.9586755030       0.2071467513       0.2589721253
   -228.2586755032      -0.3386668101       0.1939909251
   -222.5586755034      -0.1978680178       0.2103343629
   -216.8586755037       0.4129929997       0.2700823335
   -211.1586755039      -0.0857958959       0.2195064576
   -205.4586755041       0.0500562837       0.2330973956
   -199.7586755043       0.0641945789       0.2314609669
   -194.0586755045       0.4647962030       0.2672180146
   -188.3586755027      -0.3140552018       0.1891433350
   -182.6586755029      -0.0532574196       0.2170508931
   -176.9586755031      -0.2079628219       0.1983937268
   -171.2586755034      -0.0385977120       0.2157109166
   -165.5586755036       0.1821076244       0.2334547526
   -159.8586755038      -0.1479646768       0.2021946021
   -154.1586755040       0.2713147194       0.2383041906
   -148.4586755042      -0.2520562182       0.1889929831
   -142.7586755044      -0.4300440410       0.1669874722
   -137.0586755047       0.2781273935       0.2361065464
   -131.3586755028       0.1198796203       0.2224542917
   -125.6586755031       0.0156526409       0.2107206486
   -119.9586755033      -0.0241446010       0.2069328096
   -114.2586755035      -0.2924104969       0.1803894220
   -108.5586755037      -0.1988110585       0.1879401653
   -102.8586755039      -0.4028688776       0.1644947771
    -97.1586755041      -0.0721266850       0.1980227603
    -91.4586755044       0.2653586222       0.2247991925
    -85.7586755046      -0.2030312636       0.1834628439
    -80.0586755028       0.1304699688       0.2114969756
    -74.3586755030       0.2004986653       0.2172161944
    -68.6586755032       0.1393408143       0.2100776897
    -62.9586755034      -0.2063106719       0.1794022071
    -57.2586755036      -0.3936193085       0.1588116309
    -51.5586755038       0.1811443062       0.2113141095
    -45.8586755041       0.0116705477       0.1972546598
    -40.1586755043       0.2220688137       0.2124870060
    -34.4586755045       0.0219574116       0.1961551127
    -28.7586755047      -0.0650797593       0.1868605482
    -23.0586755029       0.1946669298       0.2082075508
    -17.3586755031       0.1382504909       0.2018738569
    -11.6586755033       0.4194032455       0.2272452772
     -5.9586755035       0.0742039643       0.1967284885
     -0.2586755038      -0.0334446967       0.1895174592
      5.4413244960       0.5196202781       0.2321849444
     11.1413244958       0.4870138102       0.2298840484
     16.8413244956       0.5190312528       0.2321024644
     22.5413244954       0.3281976353       0.2162545208
     28.2413244972       0.7147616530       0.2454720767
     33.9413244970       0.0641029769       0.1977086654
     39.6413244968       0.7790663140       0.2496474174
     45.3413244965       0.8111446052       0.2516995706
     51.0413244963       0.5498734785       0.2341369231
     56.7413244961       0.7138447613       0.2453506315
     62.4413244959       1.2305010111       0.2772719871
     68.1413244957       1.0057360953       0.2639386809
     73.8413244955       1.2633685409       0.2792129280
     79.5413244973       2.1086854267       0.3247197312
     85.2413244971       4.3125753151       0.4205605079
     90.9413244968       6.4242702427       0.4954543305
     96.6413244966      10.6615093941       0.6184891690
    102.3413244964      13.4694493892       0.6886258984
    108.0413244962      15.3675605338       0.7316187971
    113.7413244960      14.7627822274       0.7183472448
    119.4413244958      11.7048643742       0.6454039408
    125.1413244955       8.2700252921       0.5524883266
    130.8413244953       7.4877461463       0.5289098151
    136.5413244971       4.8913475903       0.4421307480
    142.2413244969       3.7618106862       0.3987825953
    147.9413244967       3.3017402126       0.3793563382
    153.6413244965       2.3003053282       0.3340074542
    159.3413244963       1.6797586456       0.3021503162
    165.0413244961       1.8129088967       0.3093929652
    170.7413244958       1.9760800547       0.3146212973
    176.4413244956       0.9046768440       0.2574175837
    182.1413244954       1.4846463666       0.2914620279
    187.8413244972       0.9368884469       0.2594250415
    193.5413244970       2.1299945306       0.3284972547
    199.2413244968       1.7782469298       0.3074533747
    204.9413244966       2.1643624707       0.3270332928
    210.6413244964       1.5836075522       0.2970075803
    216.3413244961       1.7450918085       0.3056613802
    222.0413244959       1.7220423876       0.3015288957
    227.7413244957       1.7119870886       0.3038642115
    233.4413244955       1.4515852930       0.2895816679
    239.1413244973       1.5377868139       0.2973665221
    244.8413244971       1.0943027236       0.2687992914
    250.5413244969       1.1622269570       0.2730474658
    256.2413244967       0.8351599796       0.2527027875
    261.9413244964       1.1614892490       0.2729599159
    267.6413244962       0.9722932475       0.2638506415
    273.3413244960       1.2397167009       0.2802769267
    279.0413244958       0.9135808596       0.2627435523
    284.7413244956       0.6461812534       0.2451464559
    290.4413244954       1.2090067915       0.2867950523
    296.1413244972       1.7128650073       0.3129792745
    301.8413244970       0.8937126084       0.2668441490
    307.5413244967       0.4387375884       0.2351224693
    313.2413244965       0.9375462964       0.2725997942
    318.9413244963       1.3674031486       0.2995141341
    324.6413244961       0.4368657081       0.2374971081
    330.3413244959       0.9825302871       0.2785064815
    336.0413244957       1.3327625937       0.2975064863
    341.7413244954       0.7666877711       0.2667813134
    347.4413244973       1.1070760962       0.2899041618
    353.1413244970       0.7340413760       0.2675076087
    358.8413244968       0.9275826318       0.2811598515
    364.5413244966       0.9336266873       0.2846301228
    370.2413244964       1.0159024318       0.2905011672
    375.9413244962       0.9032165608       0.2858991679
    381.6413244960       1.2264617493       0.3078933419
    387.3413244957       0.3835697140       0.2469142400
    393.0413244955       0.7499837773       0.2784434946
    398.7413244953       1.1732964116       0.3117241671
    404.4413244971       0.7548696947       0.2822486613
    410.1413244969       0.5436719936       0.2693649988
    415.8413244967       0.8464300008       0.2926637145
    421.5413244965       1.0187031885       0.3050762814
    427.2413244963       0.6767883154       0.2835022612
    432.9413244960       0.8470489442       0.2927549727
    438.6413244958       1.4068801828       0.3401423226
    444.3413244956       1.0908077632       0.3184742354
    450.0413244954       1.5239168182       0.3526472965
    455.7413244972       1.4803302353       0.3499574987
    461.4413244970       1.0711466672       0.3257963793
    467.1413244968       0.8819338717       0.3117615486
    472.8413244966       0.5920268230       0.2925144304
    478.5413244963       1.1887936282       0.3394723989
    484.2413244961       0.9496126758       0.3261102679
    489.9413244959       0.9011609761       0.3225005961
    495.6413244957       0.7002335066       0.3108046982
    501.3413244955       0.5965511416       0.3020357046
    507.0413244973       1.4097878842       0.3717077241
    512.7413244971       0.9773202687       0.3388042965
    518.4413244969       1.1394319780       0.3514943691
    524.1413244966       0.9911800788       0.3454816569
    529.8413244964       1.2722001083       0.3676301324
    535.5413244962       1.5859053160       0.3973970918
    541.2413244960       1.4711895236       0.3890313167
    546.9413244958       1.3811589454       0.3887936499
    552.6413244956       1.3236060290       0.3845182168
    558.3413244953       1.1007257792       0.3732062773
    564.0413244972       1.7867175092       0.4266885607
