# EnergLoss(meV)		Intensity(a.u.)		Errorbar
   -313.1088571372       0.6327313649       0.3543836839
   -308.1088571374      -0.4087900467       0.2308032884
   -303.1088571376      -0.1712367338       0.2589841296
   -298.1088571378      -0.0373243337       0.2757517571
   -293.1088571380       0.2457351287       0.3027478066
   -288.1088571382       0.2430629796       0.3021781025
   -283.1088571383      -0.1413704247       0.2582268825
   -278.1088571385       0.1310858660       0.2848537390
   -273.1088571387       0.0714498994       0.2785532163
   -268.1088571389       0.4480617836       0.3122194282
   -263.1088571373       0.1511264080       0.2825771596
   -258.1088571375       0.3365313044       0.2962940728
   -253.1088571377       0.3406916934       0.2971099922
   -248.1088571379       0.5156627632       0.3085395507
   -243.1088571381       0.3501212400       0.2933707618
   -238.1088571383      -0.2999824184       0.2185738841
   -233.1088571385      -0.1889214473       0.2322507561
   -228.1088571387       0.0451451436       0.2542672928
   -223.1088571388      -0.1128328057       0.2373463508
   -218.1088571373      -0.4526995123       0.1928499507
   -213.1088571374      -0.1660463273       0.2313041987
   -208.1088571376      -0.2721636695       0.2126303762
   -203.1088571378       0.2281058172       0.2650256217
   -198.1088571380       0.5797415563       0.2964834105
   -193.1088571382      -0.0054699344       0.2385819381
   -188.1088571384       0.2399058602       0.2626073418
   -183.1088571386       0.2473238341       0.2595477892
   -178.1088571388       0.0122219919       0.2372999893
   -173.1088571372      -0.0197979026       0.2308960104
   -168.1088571374      -0.3416287815       0.1962572923
   -163.1088571376       0.0871600214       0.2383893700
   -158.1088571377      -0.4077427534       0.1859120942
   -153.1088571379       0.4073010779       0.2635965054
   -148.1088571381       0.2328013426       0.2487388282
   -143.1088571383      -0.4019938912       0.1820290995
   -138.1088571385       0.0700641504       0.2310685280
   -133.1088571387      -0.2101220033       0.2010404133
   -128.1088571389       0.2919294008       0.2478342770
   -123.1088571373      -0.4615032032       0.1728732699
   -118.1088571375      -0.1100865863       0.2087050982
   -113.1088571377      -0.4370583931       0.1737643171
   -108.1088571379      -0.2745804821       0.1918161457
   -103.1088571381      -0.0131355765       0.2156187266
    -98.1088571382       0.3902293815       0.2473703299
    -93.1088571384      -0.2339683390       0.1919398966
    -88.1088571386      -0.1782518690       0.1953367864
    -83.1088571388      -0.0242077468       0.2099731319
    -78.1088571372      -0.1245161720       0.1983863295
    -73.1088571374      -0.1235181504       0.1985749379
    -68.1088571376      -0.1090762221       0.1978029960
    -63.1088571378      -0.0721356694       0.2012227304
    -58.1088571380      -0.1299608082       0.1939248257
    -53.1088571382      -0.2384324666       0.1835344002
    -48.1088571384       0.2671659800       0.2279122977
    -43.1088571385      -0.1507538413       0.1900636564
    -38.1088571387      -0.2209254235       0.1834727802
    -33.1088571389      -0.1019037668       0.1926040899
    -28.1088571373      -0.0314501000       0.1989407941
    -23.1088571375       0.0815639161       0.2064591318
    -18.1088571377      -0.0795107373       0.1966259968
    -13.1088571379       0.3874891181       0.2302699923
     -8.1088571381       0.3150884196       0.2271262428
     -3.1088571383       0.2786641561       0.2241938350
      1.8911428615       0.1409042945       0.2133507335
      6.8911428613       0.0012632644       0.2016036559
     11.8911428611       0.3869548163       0.2301912138
     16.8911428627       0.2093507429       0.2187709060
     21.8911428625       0.0363196861       0.2046283494
     26.8911428624      -0.1362705525       0.1895133564
     31.8911428622       0.2085277414       0.2186407781
     36.8911428620       0.1740791654       0.2159099363
     41.8911428618      -0.0683910840       0.1954950264
     46.8911428616       0.0704903876       0.2074613904
     51.8911428614      -0.1038322695       0.1922577206
     56.8911428612       0.0360845744       0.2045886083
     61.8911428628      -0.1726799570       0.1859920789
     66.8911428626       0.0358357468       0.2045465487
     71.8911428624       0.0347514916       0.2043632761
     76.8911428622       0.3125323779       0.2267364501
     81.8911428620       0.3100889006       0.2263638233
     86.8911428619       0.9339911328       0.2699361960
     91.8911428617       1.5882071658       0.3088552258
     96.8911428615       1.5888134167       0.3089230067
    101.8911428613       1.8634501449       0.3238229035
    106.8911428611       2.1743469721       0.3400013478
    111.8911428627       4.5221099553       0.4434631974
    116.8911428625       5.4189058944       0.4770660401
    121.8911428623       6.6240240029       0.5187353300
    126.8911428621       7.1006995476       0.5341475010
    131.8911428619       6.6574579919       0.5198105718
    136.8911428617       7.8280508546       0.5572301642
    141.8911428616       7.1192054728       0.5298512204
    146.8911428614       6.4097457890       0.5113147765
    151.8911428612       5.1066478399       0.4655731953
    156.8911428628       4.2009312907       0.4303611664
    161.8911428626       3.6454440380       0.4117766393
    166.8911428624       3.3726270910       0.3957572861
    171.8911428622       2.4466726586       0.3533685968
    176.8911428620       2.1339965774       0.3376493555
    181.8911428618       1.6882553334       0.3142038481
    186.8911428616       1.2598499793       0.2868647281
    191.8911428614       1.6527771557       0.3121960101
    196.8911428612       1.1683656413       0.2840872644
    201.8911428628       1.8838847137       0.3278694530
    206.8911428626       1.2036964604       0.2862744786
    211.8911428625       1.1330967246       0.2818906825
    216.8911428623       1.4446095446       0.3004069988
    221.8911428621       1.4426864065       0.3001863997
    226.8911428619       1.2855058105       0.2940003929
    231.8911428617       0.8977953576       0.2697609680
    236.8911428615       0.9407536682       0.2753536637
    241.8911428613       1.2974791751       0.2975645907
    246.8911428611       0.7673083750       0.2692495795
    251.8911428627       1.2011923975       0.2946408347
    256.8911428625       0.9169335199       0.2794498879
    261.8911428623       0.9157738688       0.2792949230
    266.8911428621       0.3132816983       0.2382001809
    271.8911428620       0.9989534466       0.2878515311
    276.8911428618       0.2753594299       0.2351622367
    281.8911428616       0.7337801249       0.2725797257
    286.8911428614       0.7707019948       0.2723516687
    291.8911428612       1.0158768613       0.2953204152
    296.8911428628       0.8557133760       0.2842556431
    301.8911428626       0.6175991081       0.2701356313
    306.8911428624       0.9010284866       0.2906010278
    311.8911428622       1.1180500485       0.3090974449
    316.8911428620       0.3675693650       0.2534781380
    321.8911428618       0.7879744516       0.2893183333
    326.8911428617       0.7873453584       0.2892255785
    331.8911428615       0.4471972036       0.2630380045
    336.8911428613       1.0960186717       0.3148334960
    341.8911428611       0.4825596348       0.2723824219
    346.8911428627       0.6621874030       0.2868077035
    351.8911428625       0.3871187348       0.2677773231
    356.8911428623       0.4796561756       0.2756556884
    361.8911428621       0.5246240770       0.2792977736
    366.8911428619       0.0509685318       0.2402906055
    371.8911428617       0.8926612968       0.3081211115
    376.8911428615       0.9557429765       0.3211127375
    381.8911428613       1.1001571239       0.3317604534
    386.8911428612       0.4676421563       0.2858216042
    391.8911428627       0.9641163379       0.3261020724
    396.8911428626       0.8225157066       0.3197428825
    401.8911428624       1.1777207379       0.3467832881
    406.8911428622       0.6179194922       0.3073593265
    411.8911428620       0.9842484350       0.3371051864
    416.8911428618       0.5083857779       0.3022153279
    421.8911428616       1.1046730245       0.3516497705
    426.8911428614       0.6720266944       0.3214003855
    431.8911428612       0.8962952381       0.3404001360
    436.8911428628       1.0214755504       0.3561982541
    441.8911428626       0.6167369510       0.3216757731
    446.8911428624       1.6557481369       0.4042894417
    451.8911428623       0.6766895459       0.3324435770
    456.8911428621       0.6766663373       0.3324394086
    461.8911428619       1.2952398607       0.3904650510
    466.8911428617       1.0483280100       0.3704343275
    471.8911428615       1.1916598560       0.3889577801
    476.8911428613       1.2559772386       0.3942394512
    481.8911428611       1.5474698056       0.4250655866
    486.8911428627       1.4101049638       0.4138324655
