# EnergLoss(meV)		Intensity(a.u.)		Errorbar
   -353.8722510486      -0.1969862238       0.2592720922
   -348.1722510488       0.4517199593       0.3376086656
   -342.4722510490      -0.2316087691       0.2496695259
   -336.7722510492      -0.0937432657       0.2680263993
   -331.0722510494       0.1355871599       0.2907597131
   -325.3722510497       0.0690095861       0.2830347232
   -319.6722510499       0.0265779589       0.2730334928
   -313.9722510501      -0.1656084023       0.2494709008
   -308.2722510503      -0.1985200532       0.2409731491
   -302.5722510505      -0.0738882068       0.2565825220
   -296.8722510487       0.4331076840       0.3069046365
   -291.1722510489      -0.1079368109       0.2483245225
   -285.4722510491      -0.2284234544       0.2332521241
   -279.7722510494      -0.4313469586       0.2022048328
   -274.0722510496       0.2094362455       0.2796681421
   -268.3722510498      -0.0570689140       0.2465613786
   -262.6722510500       0.7330970385       0.3246377835
   -256.9722510502      -0.0891077445       0.2392111668
   -251.2722510504       0.0750242027       0.2572968605
   -245.5722510486       0.1469952683       0.2610340212
   -239.8722510488      -0.1722676715       0.2261651282
   -234.1722510491       0.2151244696       0.2641546110
   -228.4722510493      -0.1998287535       0.2196689189
   -222.7722510495       0.1780373054       0.2568812197
   -217.0722510497       0.0279876047       0.2418334851
   -211.3722510499      -0.1022566648       0.2246658758
   -205.6722510501       0.0455398357       0.2403245177
   -199.9722510504       0.3498063636       0.2661052648
   -194.2722510485      -0.0333302167       0.2290478355
   -188.5722510488      -0.1082192095       0.2182292337
   -182.8722510490       0.2662666491       0.2552518016
   -177.1722510492      -0.2692021987       0.1978946654
   -171.4722510494       0.1401638437       0.2403795256
   -165.7722510496      -0.1570471553       0.2078190807
   -160.0722510498       0.2876620846       0.2509287085
   -154.3722510501      -0.0072426311       0.2205448346
   -148.6722510503       0.0368835524       0.2249142257
   -142.9722510505      -0.1367987667       0.2074731514
   -137.2722510487      -0.1166205084       0.2072236761
   -131.5722510489      -0.2446579325       0.1935913715
   -125.8722510491      -0.1811519210       0.1982248794
   -120.1722510493       0.0518724967       0.2236940294
   -114.4722510495       0.2419804513       0.2356022692
   -108.7722510498      -0.2224775620       0.1938692711
   -103.0722510500      -0.1040379011       0.2015617204
    -97.3722510502      -0.0001952277       0.2138541544
    -91.6722510504      -0.1258386210       0.1972862475
    -85.9722510486      -0.2614882607       0.1855521622
    -80.2722510488       0.1936555056       0.2240437250
    -74.5722510490      -0.1243539772       0.1975774101
    -68.8722510492       0.2045273632       0.2227220683
    -63.1722510495      -0.0321644091       0.2041981400
    -57.4722510497      -0.2949391689       0.1744985981
    -51.7722510499      -0.4255566776       0.1620244878
    -46.0722510501      -0.0620382814       0.1953117962
    -40.3722510503       0.1433222011       0.2155358437
    -34.6722510505      -0.2758364865       0.1747238507
    -28.9722510487       0.1534894987       0.2142157575
    -23.2722510489       0.2498606999       0.2241357809
    -17.5722510492       0.1529652084       0.2141283758
    -11.8722510494       0.1766376363       0.2180737805
     -6.1722510496       0.3227469138       0.2299848585
     -0.4722510498       0.6851559721       0.2569570915
      5.2277489500       0.3953697750       0.2356481909
     10.9277489498      -0.2229940843       0.1817621925
     16.6277489495       0.0669348816       0.2086738368
     22.3277489514      -0.0559293588       0.1997850997
     28.0277489511       0.3934423186       0.2353507780
     33.7277489509       0.1175316220       0.2174815987
     39.4277489507       0.2115852210       0.2208519995
     45.1277489505       0.0029517913       0.2071773058
     50.8277489503       0.1378475892       0.2146104654
     56.5277489501       0.0404386135       0.2105411766
     62.2277489498       0.4620761883       0.2402866371
     67.9277489496       0.1026892232       0.2182298174
     73.6277489514       0.0275345096       0.2049442155
     79.3277489512       0.0637342344       0.2147251936
     85.0277489510       0.1816965428       0.2159383311
     90.7277489508       0.0501247130       0.2157898636
     96.4277489506       0.1457240192       0.2129215110
    102.1277489504       0.1675679784       0.2261918104
    107.8277489501       1.1124715775       0.2850234163
    113.5277489499       1.1317578830       0.2922247176
    119.2277489497       1.5798756196       0.3195746312
    124.9277489495       1.8602711600       0.3324529118
    130.6277489513       1.2515208671       0.3026826937
    136.3277489511       2.5596878822       0.3691492929
    142.0277489509       3.3669711133       0.4159120031
    147.7277489507       4.9310259920       0.4778180233
    153.4277489504       4.9193513511       0.4876160784
    159.1277489502       6.0166376726       0.5132282772
    164.8277489500       6.2573852107       0.5447383330
    170.5277489498       7.5215604277       0.5644833225
    176.2277489496       7.4587822550       0.5872404584
    181.9277489514       6.7784448898       0.5394745680
    187.6277489512       7.6552834384       0.5937764137
    193.3277489510       5.9303654844       0.5096682571
    199.0277489507       4.2834925570       0.4609807451
    204.7277489505       3.4835617309       0.4161536076
    210.4277489503       2.5924609614       0.3821016302
    216.1277489501       1.6811224481       0.3248088893
    221.8277489499       1.8059976745       0.3392282384
    227.5277489497       1.4762929950       0.3095242919
    233.2277489515       1.8278788592       0.3440562655
    238.9277489513       1.0637583174       0.2811130828
    244.6277489510       1.2539806457       0.3054685562
    250.3277489508       1.6037189819       0.3201688705
    256.0277489506       2.0798463353       0.3504198944
    261.7277489504       1.6578100191       0.3264997475
    267.4277489502       2.1153885187       0.3522075934
    273.1277489500       1.5795403390       0.3287989239
    278.8277489497       1.6380822370       0.3287251423
    284.5277489495       1.3566835520       0.3186183159
    290.2277489513       0.9392536958       0.2872041727
    295.9277489511       1.4140951339       0.3259691157
    301.6277489509       1.0181056804       0.2925657930
    307.3277489507       0.4850422577       0.2658080594
    313.0277489505       0.8614131303       0.2847454538
    318.7277489503       0.8828507236       0.3003271502
    324.4277489500       1.1131530582       0.3055001028
    330.1277489498       0.4734892323       0.2713442580
    335.8277489496       0.7401513491       0.2822080449
    341.5277489514       1.2055373484       0.3272934005
    347.2277489512       0.8775405538       0.2995355568
    352.9277489510       0.8420075360       0.3045658937
    358.6277489508       0.0884568443       0.2306078213
    364.3277489506       0.4044474904       0.2759191009
    370.0277489503       0.3850471141       0.2601379994
    375.7277489501       0.3437314738       0.2740002531
    381.4277489499       0.5637627971       0.2750574252
    387.1277489497       0.5998031960       0.2926952147
    392.8277489495       0.2036508373       0.2570086047
    398.5277489513       0.5490250858       0.2882599896
    404.2277489511      -0.0863779459       0.2337646063
    409.9277489509       0.4424084028       0.2827370820
    415.6277489506       0.5897972315       0.3043391613
    421.3277489504       0.0694168573       0.2504720814
    427.0277489502       0.3104366942       0.2828468761
    432.7277489500       1.4762148337       0.3688297086
    438.4277489498       0.1680173682       0.2771230700
    444.1277489496       0.4245045977       0.2889994457
    449.8277489514       1.6735057728       0.4136205148
    455.5277489512       0.6920119139       0.3174857814
    461.2277489509       0.8237049562       0.3512199646
    466.9277489507       0.6930709560       0.3225955491
    472.6277489505       0.4458284023       0.3155266898
    478.3277489503       0.9376816203       0.3549140353
    484.0277489501       0.9582358758       0.3694705273
    489.7277489499       0.5053846493       0.3210793156
    495.4277489496       0.5008550518       0.3265320197
    501.1277489515       1.3039091487       0.3851202293
    506.8277489512       1.3287205653       0.4159047379
    512.5277489510       1.1214715221       0.3704363860
    518.2277489508       1.5716749313       0.4444493706
    523.9277489506       1.0879945473       0.3806924897
    529.6277489504       0.8386280934       0.3792100346
    535.3277489502       1.1881109472       0.4038455382
    541.0277489499       1.4959049436       0.4379516650
    546.7277489497       0.9991664398       0.4027157574
    552.4277489495       1.1496555537       0.4165358116
    558.1277489513       2.3630390656       0.5268675737
