# EnergLoss(meV)		Intensity(a.u.)		Errorbar
   -317.7844433237      -0.2430762959       0.2414218797
   -312.7844433239      -0.3097631058       0.2320290354
   -307.7844433241       0.6277540349       0.3351112815
   -302.7844433243      -0.0168205742       0.2659923823
   -297.7844433245       0.1911082561       0.2846965561
   -292.7844433247       0.0683181378       0.2711357651
   -287.7844433248       0.0055134967       0.2637623219
   -282.7844433250      -0.0925570425       0.2476235907
   -277.7844433252       0.2059313567       0.2813112283
   -272.7844433254       0.1050035172       0.2659069616
   -267.7844433238      -0.4175435250       0.2009155084
   -262.7844433240      -0.0475523805       0.2445532451
   -257.7844433242      -0.0474424452       0.2445784660
   -252.7844433244       0.2457432546       0.2718557033
   -247.7844433246      -0.5153615843       0.1803561499
   -242.7844433248      -0.0062796269       0.2416229887
   -237.7844433250      -0.3224190541       0.2042653266
   -232.7844433252      -0.4482541543       0.1845157805
   -227.7844433253       0.1159293491       0.2509634129
   -222.7844433238       0.1292015625       0.2485473649
   -217.7844433239      -0.2424488739       0.2112694816
   -212.7844433241      -0.0017794401       0.2318171138
   -207.7844433243       0.2411982153       0.2560205624
   -202.7844433245       0.0942858141       0.2415642153
   -197.7844433247      -0.2195940475       0.2050841798
   -192.7844433249       0.2033329543       0.2488647007
   -187.7844433251       0.1685687365       0.2422948811
   -182.7844433253      -0.0604971189       0.2195736314
   -177.7844433237       0.1367046276       0.2362731305
   -172.7844433239      -0.0868875953       0.2140708367
   -167.7844433241      -0.0254738377       0.2176122849
   -162.7844433243       0.1057411496       0.2304215832
   -157.7844433244       0.2450599029       0.2401679635
   -152.7844433246      -0.2211249315       0.1947398996
   -147.7844433248       0.2128984054       0.2344825603
   -142.7844433250      -0.0347311082       0.2115709012
   -137.7844433252      -0.2227692503       0.1899119518
   -132.7844433254       0.0209253901       0.2143929113
   -127.7844433238      -0.4661243756       0.1618527216
   -122.7844433240       0.1527153832       0.2238436045
   -117.7844433242      -0.2831522927       0.1812044197
   -112.7844433244       0.2317193483       0.2307092623
   -107.7844433246       0.0459110172       0.2116849605
   -102.7844433247      -0.2808466947       0.1775297991
    -97.7844433249      -0.3191702004       0.1733446678
    -92.7844433251      -0.3360277114       0.1696660574
    -87.7844433253      -0.3729453823       0.1656009315
    -82.7844433237      -0.0262356107       0.1985128486
    -77.7844433239      -0.1709005314       0.1848658802
    -72.7844433241      -0.0130442443       0.1976540216
    -67.7844433243       0.2009640202       0.2161023508
    -62.7844433245      -0.1741021175       0.1807939930
    -57.7844433247      -0.2083910351       0.1775133876
    -52.7844433249      -0.0699056296       0.1905398305
    -47.7844433251       0.0805383391       0.2018352769
    -42.7844433252       0.2160283833       0.2129005719
    -37.7844433254       0.0573862993       0.1979218679
    -32.7844433238      -0.0104072323       0.1920299417
    -27.7844433240       0.1992015802       0.2075619195
    -22.7844433242       0.2509734567       0.2157477719
    -17.7844433244       0.8563922189       0.2543165442
    -12.7844433246       0.5252271819       0.2341089206
     -7.7844433248       0.8599849138       0.2569304425
     -2.7844433250       0.8938621311       0.2591538891
      2.2155566748       0.6250317374       0.2410958639
      7.2155566746       0.0686289535       0.1970273693
     12.2155566762       0.3912024547       0.2243130549
     17.2155566760       0.8941008487       0.2591847074
     22.2155566759       0.8254607150       0.2546026451
     27.2155566757       0.6929981261       0.2458380558
     32.2155566755       0.5898248997       0.2385181311
     37.2155566753       1.0933939069       0.2716542019
     42.2155566751       2.0943415725       0.3274025584
     47.2155566749       2.2297584117       0.3343293674
     52.2155566747       3.9281713375       0.4102882643
     57.2155566763       6.5097992566       0.5048676619
     62.2155566761      10.9117916798       0.6337903791
     67.2155566759      14.8597440481       0.7306007901
     72.2155566757      19.0046567768       0.8199562938
     77.2155566755      20.2350655392       0.8445375953
     82.2155566754      16.3044307982       0.7630949479
     87.2155566752      13.3522825116       0.6951828375
     92.2155566750       8.3484179565       0.5624547370
     97.2155566748       5.3029765616       0.4630718536
    102.2155566746       4.2360726484       0.4229236397
    107.2155566762       3.0617542124       0.3734492436
    112.2155566760       2.5969466018       0.3521833529
    117.2155566758       2.5613705433       0.3503885205
    122.2155566756       2.5621073237       0.3504587697
    127.2155566754       1.5580226709       0.2986892572
    132.2155566752       1.9954611371       0.3223879085
    137.2155566750       1.4760292518       0.2913487703
    142.2155566749       0.9917674339       0.2652432080
    147.2155566747       1.0250248547       0.2673200146
    152.2155566763       1.3257781293       0.2855000377
    157.2155566761       1.1352612229       0.2768077122
    162.2155566759       1.1906629871       0.2773928719
    167.2155566757       1.5944384567       0.3008859688
    172.2155566755       1.3588145125       0.2874048235
    177.2155566753       1.6260578588       0.3025374492
    182.2155566751       1.4100661465       0.2875910713
    187.2155566749       1.5915098273       0.3005605655
    192.2155566747       1.2899237961       0.2832503664
    197.2155566763       1.5421570850       0.3006979454
    202.2155566761       0.9219282516       0.2606143975
    207.2155566760       1.0550312133       0.2689775672
    212.2155566758       0.9869402855       0.2646350445
    217.2155566756       0.9877221303       0.2647335477
    222.2155566754       0.6543657213       0.2451637556
    227.2155566752       0.8244194517       0.2566883725
    232.2155566750       0.4466606319       0.2325802718
    237.2155566748       0.9674965079       0.2686600463
    242.2155566746       0.8737737105       0.2679686872
    247.2155566762       1.1861138256       0.2852363642
    252.2155566760       1.0543910058       0.2798780777
    257.2155566758       1.5609203831       0.3108991537
    262.2155566756       0.8789345304       0.2711407955
    267.2155566755       1.2486277292       0.2952703739
    272.2155566753       0.9525511688       0.2760924127
    277.2155566751       1.4499768822       0.3108715101
    282.2155566749       0.8046481650       0.2660041809
    287.2155566747       1.6615329699       0.3270449275
    292.2155566763       1.0053255890       0.2857071389
    297.2155566761       1.6441571040       0.3296072812
    302.2155566759       0.2265918324       0.2298299006
    307.2155566757       0.8616021913       0.2821624933
    312.2155566755       0.3775760220       0.2451371851
    317.2155566753       0.8266526257       0.2830054898
    322.2155566752       0.6197882875       0.2674576303
    327.2155566750       0.8254140715       0.2828248281
    332.2155566748       0.2816023872       0.2428622917
    337.2155566746       0.7070386799       0.2809206581
    342.2155566762       0.7933147672       0.2874684581
    347.2155566760       0.6195589812       0.2775171816
    352.2155566758       0.6206391072       0.2776901401
    357.2155566756       0.7072133675       0.2843531629
    362.2155566754       1.0751657876       0.3159117851
    367.2155566752       1.0631992310       0.3109620704
    372.2155566750       0.1037511032       0.2387294973
    377.2155566748       0.9918244222       0.3138484914
    382.2155566747       0.5698559766       0.2845450536
    387.2155566762       0.8571789632       0.3077738542
    392.2155566761       1.1603251211       0.3352624229
    397.2155566759       1.0126634318       0.3242422611
    402.2155566757       0.6174772111       0.2968661900
    407.2155566755       1.2787303294       0.3489478002
    412.2155566753       0.7217466162       0.3102192576
    417.2155566751       0.6703385605       0.3059318367
    422.2155566749       0.8891255705       0.3292354128
    427.2155566747       0.8339440343       0.3245798827
    432.2155566763       1.3434232912       0.3704004385
    437.2155566761       0.5060046545       0.3007410125
    442.2155566759       1.0060639016       0.3438443886
    447.2155566757       0.9637774707       0.3462187888
    452.2155566756       0.6734822287       0.3209578162
    457.2155566754       0.6172568546       0.3214000274
    462.2155566752       1.6878563262       0.4086249602
    467.2155566750       1.2976519044       0.3860989495
    472.2155566748       1.6050148511       0.4098368500
    477.2155566746       1.5790446224       0.4154740962
    482.2155566762       0.9361009050       0.3623279082
