# EnergLoss(meV)		Intensity(a.u.)		Errorbar
   -349.9729765271      -0.1014132435       0.2866731415
   -344.2729765273       0.2916267711       0.3285238536
   -338.5729765276      -0.2109787294       0.2687038219
   -332.8729765278       0.6739589548       0.3579642258
   -327.1729765280      -0.1914379075       0.2660200671
   -321.4729765282      -0.0077677379       0.2863764809
   -315.7729765284      -0.1301354981       0.2729919240
   -310.0729765286       0.4166314205       0.3227224976
   -304.3729765288      -0.3490071514       0.2430171421
   -298.6729765291       0.4724383155       0.3223400731
   -292.9729765273       0.0708347581       0.2843654510
   -287.2729765275      -0.1372393051       0.2587730500
   -281.5729765277       0.3560067064       0.3065861075
   -275.8729765279       0.0376854197       0.2723421460
   -270.1729765281       0.3033021801       0.2971200951
   -264.4729765283       0.0478717910       0.2692115577
   -258.7729765285       0.5117059322       0.3104497382
   -253.0729765288       0.1077347766       0.2708788544
   -247.3729765290       0.6587095406       0.3177617928
   -241.6729765272      -0.2765032359       0.2290818802
   -235.9729765274      -0.0443090726       0.2562617030
   -230.2729765276      -0.5434052049       0.1958686887
   -224.5729765278      -0.0220552879       0.2511455259
   -218.8729765280      -0.4011990533       0.2123802705
   -213.1729765283       0.0348014521       0.2530102020
   -207.4729765285       0.0794210670       0.2569098602
   -201.7729765287      -0.2257319091       0.2250521176
   -196.0729765289       0.0873881741       0.2542721816
   -190.3729765271      -0.2114480973       0.2234830435
   -184.6729765273       0.7076830861       0.3002886964
   -178.9729765275      -0.1971222795       0.2220624269
   -173.2729765277       0.3141573178       0.2666373657
   -167.5729765280      -0.3501813395       0.2042897221
   -161.8729765282       0.3573701633       0.2668014233
   -156.1729765284      -0.0894545113       0.2265789109
   -150.4729765286      -0.1307179775       0.2227906269
   -144.7729765288      -0.1188365006       0.2213017499
   -139.0729765290       0.4367342583       0.2664985700
   -133.3729765272      -0.0787925078       0.2248953098
   -127.6729765274       0.3956982228       0.2603812790
   -121.9729765277      -0.0712327505       0.2227775768
   -116.2729765279      -0.2251047345       0.2090721088
   -110.5729765281       0.5829911605       0.2708118798
   -104.8729765283      -0.3118145995       0.1963861632
    -99.1729765285       0.3185212471       0.2488764147
    -93.4729765287      -0.4428775968       0.1816229800
    -87.7729765289       0.4637667513       0.2566457141
    -82.0729765271      -0.2841035381       0.1947863830
    -76.3729765274       0.7461124177       0.2730198051
    -70.6729765276      -0.2015156413       0.2000982366
    -64.9729765278       0.2855661336       0.2387166107
    -59.2729765280      -0.3950882245       0.1806489273
    -53.5729765282       0.4579592612       0.2484786337
    -47.8729765284      -0.0875181406       0.2077139047
    -42.1729765286       0.5227534316       0.2503898320
    -36.4729765289       0.1201185924       0.2217783413
    -30.7729765291      -0.2677775623       0.1885635167
    -25.0729765273       0.3872367394       0.2387641482
    -19.3729765275      -0.0954220298       0.2010521809
    -13.6729765277       0.6889907738       0.2611930931
     -7.9729765279       0.3862944553       0.2364148094
     -2.2729765281       1.0741111270       0.2819125700
      3.4270234716       0.0917702836       0.2175046729
      9.1270234714       1.2034140705       0.2892295892
     14.8270234712       0.4189814293       0.2408629432
     20.5270234710       1.2854571134       0.2911471539
     26.2270234728       0.6792771202       0.2578444992
     31.9270234726       0.4503530230       0.2428933804
     37.6270234724       0.5821037623       0.2516676968
     43.3270234722       0.7450574184       0.2620062394
     49.0270234719       1.2040337605       0.2892997553
     54.7270234717       0.9420490392       0.2740708846
     60.4270234715       1.9862941032       0.3304406127
     66.1270234713       3.1690343664       0.3847702387
     71.8270234711       5.5537090092       0.4753392547
     77.5270234729       8.5358017447       0.5689210783
     83.2270234727      14.3577444800       0.7170024660
     88.9270234725      18.9366881231       0.8147728606
     94.6270234722      21.4194030052       0.8631096141
    100.3270234720      20.3701645053       0.8429443713
    106.0270234718      17.1898806781       0.7786434843
    111.7270234716      12.1235822886       0.6638446524
    117.4270234714       7.6762784962       0.5433778598
    123.1270234712       5.3529572871       0.4682241631
    128.8270234710       3.4232736591       0.3951210785
    134.5270234728       2.9014269334       0.3729618563
    140.2270234725       2.4087326861       0.3505961811
    145.9270234723       2.3411316598       0.3473258243
    151.6270234721       2.0827237317       0.3350963918
    157.3270234719       1.1991314979       0.2887446834
    163.0270234717       2.3432101679       0.3475213539
    168.7270234715       1.5360491130       0.3043209062
    174.4270234713       1.1986766933       0.2886931869
    180.1270234710       1.0996603406       0.2829770151
    185.8270234728       1.6236985699       0.3118323539
    191.5270234726       2.0477128229       0.3365219722
    197.2270234724       1.4267302710       0.3012863359
    202.9270234722       2.3420091277       0.3474083695
    208.6270234720       1.7194166893       0.3166885269
    214.3270234718       1.5570499722       0.3082518852
    220.0270234715       1.2451259022       0.2884575999
    225.7270234713       1.4926618198       0.3048717438
    231.4270234711       1.2957328046       0.2940805891
    237.1270234729       1.3148857806       0.2980542524
    242.8270234727       0.5756027860       0.2508213418
    248.5270234725       0.6751600341       0.2573216288
    254.2270234723       1.1641134909       0.2866229282
    259.9270234721       0.8054930746       0.2654450243
    265.6270234718       0.7140725053       0.2622635175
    271.3270234716       0.3809256283       0.2401738310
    277.0270234714       0.7882122812       0.2695144689
    282.7270234712       0.8237555788       0.2718435095
    288.4270234710       0.9139315654       0.2831155078
    294.1270234728       0.5553570751       0.2570521239
    299.8270234726       0.5254856721       0.2577540995
    305.5270234724       0.4180577148       0.2501814802
    311.2270234721       0.8179257478       0.2800061414
    316.9270234719       0.4921995647       0.2580985135
    322.6270234717       0.7824020853       0.2777443174
    328.3270234715       1.1223430995       0.3021660355
    334.0270234713       0.6731339334       0.2704852718
    339.7270234711       0.6103757898       0.2719928434
    345.4270234729       0.4611808682       0.2615646951
    351.1270234727       0.8485321742       0.2913341597
    356.8270234724       0.4245394987       0.2617879107
    362.5270234722       0.7416894653       0.2874519745
    368.2270234720       0.3859533680       0.2618544416
    373.9270234718       0.4670184649       0.2710130730
    379.6270234716       0.4268823995       0.2680247253
    385.3270234714       0.4276134285       0.2681349320
    391.0270234712       0.3452618094       0.2649104162
    396.7270234709       0.6858189663       0.2939884117
    402.4270234727       0.5990851755       0.2875232667
    408.1270234725       0.2162152482       0.2612012909
    413.8270234723       0.0401076615       0.2459140888
    419.5270234721       0.1289008880       0.2537996217
    425.2270234719       0.7456537968       0.3058272938
    430.9270234717       0.3018986271       0.2681343471
    436.6270234714       0.8470198405       0.3172557537
    442.3270234712       0.5747116367       0.2971425989
    448.0270234710       0.6263777249       0.3051148494
    453.7270234728       0.8633475124       0.3229946866
    459.4270234726       0.3438676025       0.2864836448
    465.1270234724       0.0541501507       0.2609284391
    470.8270234722       0.3433994047       0.2905858138
    476.5270234720       0.3435335062       0.2906088120
    482.2270234717       0.8577099551       0.3368239662
    487.9270234715       0.1377360313       0.2764499475
    493.6270234713       1.5626335361       0.3928732541
    499.3270234711       0.1842565024       0.2850885821
    505.0270234729       0.5638214778       0.3236626356
    510.7270234727      -0.0398750294       0.2676307324
    516.4270234725       0.6188725082       0.3283108342
    522.1270234723       1.0768717052       0.3702458198
    527.8270234720       0.5715855128       0.3297194085
    533.5270234718       0.8100144341       0.3552673510
    539.2270234716       0.9899739476       0.3701392945
    544.9270234714       0.7671830591       0.3580370167
    550.6270234712       0.7094448575       0.3533620911
    556.3270234710       1.1594258963       0.3969320001
    562.0270234728       1.2249337134       0.4022920866
